/** ==========================================================================
#    This file is part of the finite element software ParMooN.
# 
#    ParMooN (cmg.cds.iisc.ac.in/parmoon) is a free finite element software  
#    developed by the research groups of Prof. Sashikumaar Ganesan (IISc, Bangalore),
#    Prof. Volker John (WIAS Berlin) and Prof. Gunar Matthies (TU-Dresden):
#
#    ParMooN is free software: you can redistribute it and/or modify
#    it under the terms of the GNU Affero General Public License as
#    published by the Free Software Foundation, either version 3 of the
#    License, or (at your option) any later version.
#
#    ParMooN is distributed in the hope that it will be useful,
#    but WITHOUT ANY WARRANTY; without even the implied warranty of
#    MERCHANTABILITY or FITNESS FOR A PARTICULAR PURPOSE.  See the
#    GNU Affero General Public License for more details.
#
#    You should have received a copy of the GNU Affero General Public License
#    along with ParMooN.  If not, see <http://www.gnu.org/licenses/>.
#
#    If your company is selling a software using ParMooN, please consider 
#    the option to obtain a commercial license for a fee. Please send 
#    corresponding requests to sashi@iisc.ac.in

# =========================================================================*/ 
   
// =======================================================================
// @(#)QuadFormulaQuad.C        1.3 05/04/99
//
// Class:      TQuadFormulaQuad
// Superclass: TQuadFormula2D
//
// Purpose:    quadrature formula for a 2D integral for BIG unit square
// Author:     Gunar Matthies
//
// History:    30.08.1997 start implementation
// 
// =======================================================================

#include <QuadFormulaQuad.h>

TQuadFormulaQuad::TQuadFormulaQuad() : TQuadFormula2D()
{
}

TQuadFormulaQuad::TQuadFormulaQuad(int n_points, double* weights, 
                               double* xi, double* eta, int acc)
  : TQuadFormula2D(n_points, weights, xi, eta, acc)
{
}

void TQuadFormulaQuad::Gauss2()
{
  if(Weights!=NULL) return;
  double w[4]={ 1, 1, 1, 1 };
  double x[4]={
        -0.57735026918962576450914878050195746,
         0.57735026918962576450914878050195746,
        -0.57735026918962576450914878050195746,
         0.57735026918962576450914878050195746 };
  double e[4]={
        -0.57735026918962576450914878050195746,
        -0.57735026918962576450914878050195746,
         0.57735026918962576450914878050195746,
         0.57735026918962576450914878050195746 };
  InitObject(4,w,x,e, 3);
}

void TQuadFormulaQuad::Gauss3()
{
  if(Weights!=NULL) return;

  double w[9] = {
        0.30864197530864197530864197530864198,
        0.49382716049382716049382716049382717,
        0.30864197530864197530864197530864198,
        0.49382716049382716049382716049382717,
        0.79012345679012345679012345679012346,
        0.49382716049382716049382716049382717,
        0.30864197530864197530864197530864198,
        0.49382716049382716049382716049382717,
        0.30864197530864197530864197530864198 };
  
  double x[9] = {
       -0.77459666924148337703585307995647992,
        0.,
        0.77459666924148337703585307995647992,
       -0.77459666924148337703585307995647992,
        0.,
        0.77459666924148337703585307995647992,
       -0.77459666924148337703585307995647992,
        0.,
        0.77459666924148337703585307995647992 };

  double e[9] = {
       -0.77459666924148337703585307995647992,
       -0.77459666924148337703585307995647992,
       -0.77459666924148337703585307995647992,
        0.,
        0.,
        0.,
        0.77459666924148337703585307995647992,
        0.77459666924148337703585307995647992,
        0.77459666924148337703585307995647992 };
  
  InitObject(9,w,x,e, 5);
}

void TQuadFormulaQuad::Gauss4()
{
  if(Weights!=NULL) return;

  double w[16] = {
        0.12100299328560200552121209737014755,
        0.22685185185185185185185185185185185,
        0.22685185185185185185185185185185185,
        0.12100299328560200552121209737014755,
        0.22685185185185185185185185185185185,
        0.42529330301069429077508419892614875,
        0.42529330301069429077508419892614875,
        0.22685185185185185185185185185185185,
        0.22685185185185185185185185185185185,
        0.42529330301069429077508419892614875,
        0.42529330301069429077508419892614875,
        0.22685185185185185185185185185185185,
        0.12100299328560200552121209737014755,
        0.22685185185185185185185185185185185,
        0.22685185185185185185185185185185185,
        0.12100299328560200552121209737014755 };
   
  double x[16] = {
       -0.86113631159405257522394648889280951,
       -0.33998104358485626480266575910324469,
        0.33998104358485626480266575910324469,
        0.86113631159405257522394648889280951,
       -0.86113631159405257522394648889280951,
       -0.33998104358485626480266575910324469,
        0.33998104358485626480266575910324469,
        0.86113631159405257522394648889280951,
       -0.86113631159405257522394648889280951,
       -0.33998104358485626480266575910324469,
        0.33998104358485626480266575910324469,
        0.86113631159405257522394648889280951,
       -0.86113631159405257522394648889280951,
       -0.33998104358485626480266575910324469,
        0.33998104358485626480266575910324469,
        0.86113631159405257522394648889280951 };
  
  double e[16] = {
       -0.86113631159405257522394648889280951,
       -0.86113631159405257522394648889280951,
       -0.86113631159405257522394648889280951,
       -0.86113631159405257522394648889280951,
       -0.33998104358485626480266575910324469,
       -0.33998104358485626480266575910324469,
       -0.33998104358485626480266575910324469,
       -0.33998104358485626480266575910324469,
        0.33998104358485626480266575910324469,
        0.33998104358485626480266575910324469,
        0.33998104358485626480266575910324469,
        0.33998104358485626480266575910324469,
        0.86113631159405257522394648889280951,
        0.86113631159405257522394648889280951,
        0.86113631159405257522394648889280951,
        0.86113631159405257522394648889280951 };
   
  InitObject(16,w,x,e, 7);
}

void TQuadFormulaQuad::Gauss5()
{
  if(Weights!=NULL) return;

  double w[25] = {
        0.056134348862428635954651158026251974,
        0.11340000000000000000000000000000000,
        0.13478507238752090311922576538733075,
        0.11340000000000000000000000000000000,
        0.056134348862428635954651158026251974,
        0.11340000000000000000000000000000000,
        0.22908540422399111713176859506016780,
        0.27228653255075070181904583955094084,
        0.22908540422399111713176859506016780,
        0.11340000000000000000000000000000000,
        0.13478507238752090311922576538733075,
        0.27228653255075070181904583955094084,
        0.32363456790123456790123456790123452,
        0.27228653255075070181904583955094084,
        0.13478507238752090311922576538733075,
        0.11340000000000000000000000000000000,
        0.22908540422399111713176859506016780,
        0.27228653255075070181904583955094084,
        0.22908540422399111713176859506016780,
        0.11340000000000000000000000000000000,
        0.056134348862428635954651158026251974,
        0.11340000000000000000000000000000000,
        0.13478507238752090311922576538733075,
        0.11340000000000000000000000000000000,
        0.056134348862428635954651158026251974 };
  
  double x[25] = {
       -0.90617984593866399279762687829939297,
       -0.53846931010568309103631442070020880,
        0.,
        0.53846931010568309103631442070020880,
        0.90617984593866399279762687829939297,
       -0.90617984593866399279762687829939297,
       -0.53846931010568309103631442070020880,
        0.,
        0.53846931010568309103631442070020880,
        0.90617984593866399279762687829939297,
       -0.90617984593866399279762687829939297,
       -0.53846931010568309103631442070020880,
        0.,
        0.53846931010568309103631442070020880,
        0.90617984593866399279762687829939297,
       -0.90617984593866399279762687829939297,
       -0.53846931010568309103631442070020880,
        0.,
        0.53846931010568309103631442070020880,
        0.90617984593866399279762687829939297,
       -0.90617984593866399279762687829939297,
       -0.53846931010568309103631442070020880,
        0.,
        0.53846931010568309103631442070020880,
        0.90617984593866399279762687829939297 };
  
  double e[25] = {
       -0.90617984593866399279762687829939297,
       -0.90617984593866399279762687829939297,
       -0.90617984593866399279762687829939297,
       -0.90617984593866399279762687829939297,
       -0.90617984593866399279762687829939297,
       -0.53846931010568309103631442070020880,
       -0.53846931010568309103631442070020880,
       -0.53846931010568309103631442070020880,
       -0.53846931010568309103631442070020880,
       -0.53846931010568309103631442070020880,
        0.,
        0.,
        0.,
        0.,
        0.,
        0.53846931010568309103631442070020880,
        0.53846931010568309103631442070020880,
        0.53846931010568309103631442070020880,
        0.53846931010568309103631442070020880,
        0.53846931010568309103631442070020880,
        0.90617984593866399279762687829939297,
        0.90617984593866399279762687829939297,
        0.90617984593866399279762687829939297,
        0.90617984593866399279762687829939297,
        0.90617984593866399279762687829939297 };
  
  InitObject(25,w,x,e, 9);
}

void TQuadFormulaQuad::Gauss6()
{
  if(Weights!=NULL) return;
  
  double w[36] = {
        0.029352081688980397634757062732583707,
        0.061807293372383328617431798360901623,
        0.080165117317806618788107281079247560,
        0.080165117317806618788107281079247560,
        0.061807293372383328617431798360901623,
        0.029352081688980397634757062732583707,
        0.061807293372383328617431798360901623,
        0.13014891258816744858016301713918589,
        0.16880536708758783037223869833762859,
        0.16880536708758783037223869833762859,
        0.13014891258816744858016301713918589,
        0.061807293372383328617431798360901623,
        0.080165117317806618788107281079247560,
        0.16880536708758783037223869833762859,
        0.21894345016729659822952436457267485,
        0.21894345016729659822952436457267485,
        0.16880536708758783037223869833762859,
        0.080165117317806618788107281079247560,
        0.080165117317806618788107281079247560,
        0.16880536708758783037223869833762859,
        0.21894345016729659822952436457267485,
        0.21894345016729659822952436457267485,
        0.16880536708758783037223869833762859,
        0.080165117317806618788107281079247560,
        0.061807293372383328617431798360901623,
        0.13014891258816744858016301713918589,
        0.16880536708758783037223869833762859,
        0.16880536708758783037223869833762859,
        0.13014891258816744858016301713918589,
        0.061807293372383328617431798360901623,
        0.029352081688980397634757062732583707,
        0.061807293372383328617431798360901623,
        0.080165117317806618788107281079247560,
        0.080165117317806618788107281079247560,
        0.061807293372383328617431798360901623,
        0.029352081688980397634757062732583707 };
  
  double x[36] = {
       -0.93246951420315202781230155449399461,
       -0.66120938646626451366139959501990535,
       -0.23861918608319690863050172168071194,
        0.23861918608319690863050172168071194,
        0.66120938646626451366139959501990535,
        0.93246951420315202781230155449399461,
       -0.93246951420315202781230155449399461,
       -0.66120938646626451366139959501990535,
       -0.23861918608319690863050172168071194,
        0.23861918608319690863050172168071194,
        0.66120938646626451366139959501990535,
        0.93246951420315202781230155449399461,
       -0.93246951420315202781230155449399461,
       -0.66120938646626451366139959501990535,
       -0.23861918608319690863050172168071194,
        0.23861918608319690863050172168071194,
        0.66120938646626451366139959501990535,
        0.93246951420315202781230155449399461,
       -0.93246951420315202781230155449399461,
       -0.66120938646626451366139959501990535,
       -0.23861918608319690863050172168071194,
        0.23861918608319690863050172168071194,
        0.66120938646626451366139959501990535,
        0.93246951420315202781230155449399461,
       -0.93246951420315202781230155449399461,
       -0.66120938646626451366139959501990535,
       -0.23861918608319690863050172168071194,
        0.23861918608319690863050172168071194,
        0.66120938646626451366139959501990535,
        0.93246951420315202781230155449399461,
       -0.93246951420315202781230155449399461,
       -0.66120938646626451366139959501990535,
       -0.23861918608319690863050172168071194,
        0.23861918608319690863050172168071194,
        0.66120938646626451366139959501990535,
        0.93246951420315202781230155449399461 };
  
  double e[36] = {
       -0.93246951420315202781230155449399461,
       -0.93246951420315202781230155449399461,
       -0.93246951420315202781230155449399461,
       -0.93246951420315202781230155449399461,
       -0.93246951420315202781230155449399461,
       -0.93246951420315202781230155449399461,
       -0.66120938646626451366139959501990535,
       -0.66120938646626451366139959501990535,
       -0.66120938646626451366139959501990535,
       -0.66120938646626451366139959501990535,
       -0.66120938646626451366139959501990535,
       -0.66120938646626451366139959501990535,
       -0.23861918608319690863050172168071194,
       -0.23861918608319690863050172168071194,
       -0.23861918608319690863050172168071194,
       -0.23861918608319690863050172168071194,
       -0.23861918608319690863050172168071194,
       -0.23861918608319690863050172168071194,
        0.23861918608319690863050172168071194,
        0.23861918608319690863050172168071194,
        0.23861918608319690863050172168071194,
        0.23861918608319690863050172168071194,
        0.23861918608319690863050172168071194,
        0.23861918608319690863050172168071194,
        0.66120938646626451366139959501990535,
        0.66120938646626451366139959501990535,
        0.66120938646626451366139959501990535,
        0.66120938646626451366139959501990535,
        0.66120938646626451366139959501990535,
        0.66120938646626451366139959501990535,
        0.93246951420315202781230155449399461,
        0.93246951420315202781230155449399461,
        0.93246951420315202781230155449399461,
        0.93246951420315202781230155449399461,
        0.93246951420315202781230155449399461,
        0.93246951420315202781230155449399461 };
  
  InitObject(36,w,x,e, 11);
}

void TQuadFormulaQuad::Gauss7()
{
  if(Weights!=NULL) return;

  double w[49] = {
        0.016766356463753329011668073624634837,
        0.036217643154239442374745286152464361,
        0.049441251171913132923156010235986909,
        0.054119430757927577922084125331991827,
        0.049441251171913132923156010235986909,
        0.036217643154239442374745286152464361,
        0.016766356463753329011668073624634837,
        0.036217643154239442374745286152464361,
        0.078235106028169524644506042712736971,
        0.10679992375890457681464440216307820,
        0.11690543709592624813514408079100011,
        0.10679992375890457681464440216307820,
        0.078235106028169524644506042712736971,
        0.036217643154239442374745286152464361,
        0.049441251171913132923156010235986909,
        0.10679992375890457681464440216307820,
        0.14579418746874168426783902633466301,
        0.15958937621111910188946067351049409,
        0.14579418746874168426783902633466301,
        0.10679992375890457681464440216307820,
        0.049441251171913132923156010235986909,
        0.054119430757927577922084125331991827,
        0.11690543709592624813514408079100011,
        0.15958937621111910188946067351049409,
        0.17468987921699291961682632236568093,
        0.15958937621111910188946067351049409,
        0.11690543709592624813514408079100011,
        0.054119430757927577922084125331991827,
        0.049441251171913132923156010235986909,
        0.10679992375890457681464440216307820,
        0.14579418746874168426783902633466301,
        0.15958937621111910188946067351049409,
        0.14579418746874168426783902633466301,
        0.10679992375890457681464440216307820,
        0.049441251171913132923156010235986909,
        0.036217643154239442374745286152464361,
        0.078235106028169524644506042712736971,
        0.10679992375890457681464440216307820,
        0.11690543709592624813514408079100011,
        0.10679992375890457681464440216307820,
        0.078235106028169524644506042712736971,
        0.036217643154239442374745286152464361,
        0.016766356463753329011668073624634837,
        0.036217643154239442374745286152464361,
        0.049441251171913132923156010235986909,
        0.054119430757927577922084125331991827,
        0.049441251171913132923156010235986909,
        0.036217643154239442374745286152464361,
        0.016766356463753329011668073624634837 };
  
  double x[49] = {
       -0.94910791234275852452618968404785126,
       -0.74153118559939443986386477328078841,
       -0.40584515137739716690660641207696146,
        0.,
        0.40584515137739716690660641207696146,
        0.74153118559939443986386477328078841,
        0.94910791234275852452618968404785126,
       -0.94910791234275852452618968404785126,
       -0.74153118559939443986386477328078841,
       -0.40584515137739716690660641207696146,
        0.,
        0.40584515137739716690660641207696146,
        0.74153118559939443986386477328078841,
        0.94910791234275852452618968404785126,
       -0.94910791234275852452618968404785126,
       -0.74153118559939443986386477328078841,
       -0.40584515137739716690660641207696146,
        0.,
        0.40584515137739716690660641207696146,
        0.74153118559939443986386477328078841,
        0.94910791234275852452618968404785126,
       -0.94910791234275852452618968404785126,
       -0.74153118559939443986386477328078841,
       -0.40584515137739716690660641207696146,
        0.,
        0.40584515137739716690660641207696146,
        0.74153118559939443986386477328078841,
        0.94910791234275852452618968404785126,
       -0.94910791234275852452618968404785126,
       -0.74153118559939443986386477328078841,
       -0.40584515137739716690660641207696146,
        0.,
        0.40584515137739716690660641207696146,
        0.74153118559939443986386477328078841,
        0.94910791234275852452618968404785126,
       -0.94910791234275852452618968404785126,
       -0.74153118559939443986386477328078841,
       -0.40584515137739716690660641207696146,
        0.,
        0.40584515137739716690660641207696146,
        0.74153118559939443986386477328078841,
        0.94910791234275852452618968404785126,
       -0.94910791234275852452618968404785126,
       -0.74153118559939443986386477328078841,
       -0.40584515137739716690660641207696146,
        0.,
        0.40584515137739716690660641207696146,
        0.74153118559939443986386477328078841,
        0.94910791234275852452618968404785126 };
  
  double e[49] = {
       -0.94910791234275852452618968404785126,
       -0.94910791234275852452618968404785126,
       -0.94910791234275852452618968404785126,
       -0.94910791234275852452618968404785126,
       -0.94910791234275852452618968404785126,
       -0.94910791234275852452618968404785126,
       -0.94910791234275852452618968404785126,
       -0.74153118559939443986386477328078841,
       -0.74153118559939443986386477328078841,
       -0.74153118559939443986386477328078841,
       -0.74153118559939443986386477328078841,
       -0.74153118559939443986386477328078841,
       -0.74153118559939443986386477328078841,
       -0.74153118559939443986386477328078841,
       -0.40584515137739716690660641207696146,
       -0.40584515137739716690660641207696146,
       -0.40584515137739716690660641207696146,
       -0.40584515137739716690660641207696146,
       -0.40584515137739716690660641207696146,
       -0.40584515137739716690660641207696146,
       -0.40584515137739716690660641207696146,
        0.,
        0.,
        0.,
        0.,
        0.,
        0.,
        0.,
        0.40584515137739716690660641207696146,
        0.40584515137739716690660641207696146,
        0.40584515137739716690660641207696146,
        0.40584515137739716690660641207696146,
        0.40584515137739716690660641207696146,
        0.40584515137739716690660641207696146,
        0.40584515137739716690660641207696146,
        0.74153118559939443986386477328078841,
        0.74153118559939443986386477328078841,
        0.74153118559939443986386477328078841,
        0.74153118559939443986386477328078841,
        0.74153118559939443986386477328078841,
        0.74153118559939443986386477328078841,
        0.74153118559939443986386477328078841,
        0.94910791234275852452618968404785126,
        0.94910791234275852452618968404785126,
        0.94910791234275852452618968404785126,
        0.94910791234275852452618968404785126,
        0.94910791234275852452618968404785126,
        0.94910791234275852452618968404785126,
        0.94910791234275852452618968404785126 };
  
  InitObject(49,w,x,e, 13);
}

void TQuadFormulaQuad::Gauss8()
{
  if(Weights!=NULL) return;

  double w[64] = {
        0.010247216559492023290653071261207573,
        0.022511306616454830804021349419391882,
        0.031756064586781927171542031803085337,
        0.036713948527647477886314901826277389,
        0.036713948527647477886314901826277389,
        0.031756064586781927171542031803085337,
        0.022511306616454830804021349419391882,
        0.010247216559492023290653071261207573,
        0.022511306616454830804021349419391882,
        0.049453324484552923303261268350586497,
        0.069762408425222997174804068722261515,
        0.080653994927143719262269307934001006,
        0.080653994927143719262269307934001006,
        0.069762408425222997174804068722261515,
        0.049453324484552923303261268350586497,
        0.022511306616454830804021349419391882,
        0.031756064586781927171542031803085337,
        0.069762408425222997174804068722261515,
        0.098411859667954176968572296313663868,
        0.11377631319792818602304380514759058,
        0.11377631319792818602304380514759058,
        0.098411859667954176968572296313663868,
        0.069762408425222997174804068722261515,
        0.031756064586781927171542031803085337,
        0.036713948527647477886314901826277389,
        0.080653994927143719262269307934001006,
        0.11377631319792818602304380514759058,
        0.13153952672564259979352243436932664,
        0.13153952672564259979352243436932664,
        0.11377631319792818602304380514759058,
        0.080653994927143719262269307934001006,
        0.036713948527647477886314901826277389,
        0.036713948527647477886314901826277389,
        0.080653994927143719262269307934001006,
        0.11377631319792818602304380514759058,
        0.13153952672564259979352243436932664,
        0.13153952672564259979352243436932664,
        0.11377631319792818602304380514759058,
        0.080653994927143719262269307934001006,
        0.036713948527647477886314901826277389,
        0.031756064586781927171542031803085337,
        0.069762408425222997174804068722261515,
        0.098411859667954176968572296313663868,
        0.11377631319792818602304380514759058,
        0.11377631319792818602304380514759058,
        0.098411859667954176968572296313663868,
        0.069762408425222997174804068722261515,
        0.031756064586781927171542031803085337,
        0.022511306616454830804021349419391882,
        0.049453324484552923303261268350586497,
        0.069762408425222997174804068722261515,
        0.080653994927143719262269307934001006,
        0.080653994927143719262269307934001006,
        0.069762408425222997174804068722261515,
        0.049453324484552923303261268350586497,
        0.022511306616454830804021349419391882,
        0.010247216559492023290653071261207573,
        0.022511306616454830804021349419391882,
        0.031756064586781927171542031803085337,
        0.036713948527647477886314901826277389,
        0.036713948527647477886314901826277389,
        0.031756064586781927171542031803085337,
        0.022511306616454830804021349419391882,
        0.010247216559492023290653071261207573 };
  
  double x[64] = {
       -0.96028985649753623168356086856947299,
       -0.79666647741362673959155393647583044,
       -0.52553240991632898581773904918924635,
       -0.18343464249564980493947614236018398,
        0.18343464249564980493947614236018398,
        0.52553240991632898581773904918924635,
        0.79666647741362673959155393647583044,
        0.96028985649753623168356086856947299,
       -0.96028985649753623168356086856947299,
       -0.79666647741362673959155393647583044,
       -0.52553240991632898581773904918924635,
       -0.18343464249564980493947614236018398,
        0.18343464249564980493947614236018398,
        0.52553240991632898581773904918924635,
        0.79666647741362673959155393647583044,
        0.96028985649753623168356086856947299,
       -0.96028985649753623168356086856947299,
       -0.79666647741362673959155393647583044,
       -0.52553240991632898581773904918924635,
       -0.18343464249564980493947614236018398,
        0.18343464249564980493947614236018398,
        0.52553240991632898581773904918924635,
        0.79666647741362673959155393647583044,
        0.96028985649753623168356086856947299,
       -0.96028985649753623168356086856947299,
       -0.79666647741362673959155393647583044,
       -0.52553240991632898581773904918924635,
       -0.18343464249564980493947614236018398,
        0.18343464249564980493947614236018398,
        0.52553240991632898581773904918924635,
        0.79666647741362673959155393647583044,
        0.96028985649753623168356086856947299,
       -0.96028985649753623168356086856947299,
       -0.79666647741362673959155393647583044,
       -0.52553240991632898581773904918924635,
       -0.18343464249564980493947614236018398,
        0.18343464249564980493947614236018398,
        0.52553240991632898581773904918924635,
        0.79666647741362673959155393647583044,
        0.96028985649753623168356086856947299,
       -0.96028985649753623168356086856947299,
       -0.79666647741362673959155393647583044,
       -0.52553240991632898581773904918924635,
       -0.18343464249564980493947614236018398,
        0.18343464249564980493947614236018398,
        0.52553240991632898581773904918924635,
        0.79666647741362673959155393647583044,
        0.96028985649753623168356086856947299,
       -0.96028985649753623168356086856947299,
       -0.79666647741362673959155393647583044,
       -0.52553240991632898581773904918924635,
       -0.18343464249564980493947614236018398,
        0.18343464249564980493947614236018398,
        0.52553240991632898581773904918924635,
        0.79666647741362673959155393647583044,
        0.96028985649753623168356086856947299,
       -0.96028985649753623168356086856947299,
       -0.79666647741362673959155393647583044,
       -0.52553240991632898581773904918924635,
       -0.18343464249564980493947614236018398,
        0.18343464249564980493947614236018398,
        0.52553240991632898581773904918924635,
        0.79666647741362673959155393647583044,
        0.96028985649753623168356086856947299 };
  
  double e[64] = {
       -0.96028985649753623168356086856947299,
       -0.96028985649753623168356086856947299,
       -0.96028985649753623168356086856947299,
       -0.96028985649753623168356086856947299,
       -0.96028985649753623168356086856947299,
       -0.96028985649753623168356086856947299,
       -0.96028985649753623168356086856947299,
       -0.96028985649753623168356086856947299,
       -0.79666647741362673959155393647583044,
       -0.79666647741362673959155393647583044,
       -0.79666647741362673959155393647583044,
       -0.79666647741362673959155393647583044,
       -0.79666647741362673959155393647583044,
       -0.79666647741362673959155393647583044,
       -0.79666647741362673959155393647583044,
       -0.79666647741362673959155393647583044,
       -0.52553240991632898581773904918924635,
       -0.52553240991632898581773904918924635,
       -0.52553240991632898581773904918924635,
       -0.52553240991632898581773904918924635,
       -0.52553240991632898581773904918924635,
       -0.52553240991632898581773904918924635,
       -0.52553240991632898581773904918924635,
       -0.52553240991632898581773904918924635,
       -0.18343464249564980493947614236018398,
       -0.18343464249564980493947614236018398,
       -0.18343464249564980493947614236018398,
       -0.18343464249564980493947614236018398,
       -0.18343464249564980493947614236018398,
       -0.18343464249564980493947614236018398,
       -0.18343464249564980493947614236018398,
       -0.18343464249564980493947614236018398,
        0.18343464249564980493947614236018398,
        0.18343464249564980493947614236018398,
        0.18343464249564980493947614236018398,
        0.18343464249564980493947614236018398,
        0.18343464249564980493947614236018398,
        0.18343464249564980493947614236018398,
        0.18343464249564980493947614236018398,
        0.18343464249564980493947614236018398,
        0.52553240991632898581773904918924635,
        0.52553240991632898581773904918924635,
        0.52553240991632898581773904918924635,
        0.52553240991632898581773904918924635,
        0.52553240991632898581773904918924635,
        0.52553240991632898581773904918924635,
        0.52553240991632898581773904918924635,
        0.52553240991632898581773904918924635,
        0.79666647741362673959155393647583044,
        0.79666647741362673959155393647583044,
        0.79666647741362673959155393647583044,
        0.79666647741362673959155393647583044,
        0.79666647741362673959155393647583044,
        0.79666647741362673959155393647583044,
        0.79666647741362673959155393647583044,
        0.79666647741362673959155393647583044,
        0.96028985649753623168356086856947299,
        0.96028985649753623168356086856947299,
        0.96028985649753623168356086856947299,
        0.96028985649753623168356086856947299,
        0.96028985649753623168356086856947299,
        0.96028985649753623168356086856947299,
        0.96028985649753623168356086856947299,
        0.96028985649753623168356086856947299 };
  
  InitObject(64,w,x,e, 15);
}

void TQuadFormulaQuad::Gauss9()
{
  if(Weights!=NULL) return;

  double w[81] = {
        0.0066055262035480222296868720976836826,
        0.014682068769117942739167977912237288,
        0.021180974950632540408929588254010875,
        0.025385817642951793056718139413406420,
        0.026840001590648227074779160866370759,
        0.025385817642951793056718139413406420,
        0.021180974950632540408929588254010875,
        0.014682068769117942739167977912237288,
        0.0066055262035480222296868720976836826,
        0.014682068769117942739167977912237288,
        0.032633757962435023493905821685868092,
        0.047078842962596181839044542982247493,
        0.056424924965691438570440302319562887,
        0.059657132070033634831826772685994122,
        0.056424924965691438570440302319562887,
        0.047078842962596181839044542982247493,
        0.032633757962435023493905821685868092,
        0.014682068769117942739167977912237288,
        0.021180974950632540408929588254010875,
        0.047078842962596181839044542982247493,
        0.067917935079622998718295692882473094,
        0.081400989266816473883283998461353834,
        0.086063908286534534938378093677095088,
        0.081400989266816473883283998461353834,
        0.067917935079622998718295692882473094,
        0.047078842962596181839044542982247493,
        0.021180974950632540408929588254010875,
        0.025385817642951793056718139413406420,
        0.056424924965691438570440302319562887,
        0.081400989266816473883283998461353834,
        0.097560696535433469335870600993501503,
        0.10314929725821933044463473079323809,
        0.097560696535433469335870600993501503,
        0.081400989266816473883283998461353834,
        0.056424924965691438570440302319562887,
        0.025385817642951793056718139413406420,
        0.026840001590648227074779160866370759,
        0.059657132070033634831826772685994122,
        0.086063908286534534938378093677095088,
        0.10314929725821933044463473079323809,
        0.10905803159164807174981262252855191,
        0.10314929725821933044463473079323809,
        0.086063908286534534938378093677095088,
        0.059657132070033634831826772685994122,
        0.026840001590648227074779160866370759,
        0.025385817642951793056718139413406420,
        0.056424924965691438570440302319562887,
        0.081400989266816473883283998461353834,
        0.097560696535433469335870600993501503,
        0.10314929725821933044463473079323809,
        0.097560696535433469335870600993501503,
        0.081400989266816473883283998461353834,
        0.056424924965691438570440302319562887,
        0.025385817642951793056718139413406420,
        0.021180974950632540408929588254010875,
        0.047078842962596181839044542982247493,
        0.067917935079622998718295692882473094,
        0.081400989266816473883283998461353834,
        0.086063908286534534938378093677095088,
        0.081400989266816473883283998461353834,
        0.067917935079622998718295692882473094,
        0.047078842962596181839044542982247493,
        0.021180974950632540408929588254010875,
        0.014682068769117942739167977912237288,
        0.032633757962435023493905821685868092,
        0.047078842962596181839044542982247493,
        0.056424924965691438570440302319562887,
        0.059657132070033634831826772685994122,
        0.056424924965691438570440302319562887,
        0.047078842962596181839044542982247493,
        0.032633757962435023493905821685868092,
        0.014682068769117942739167977912237288,
        0.0066055262035480222296868720976836826,
        0.014682068769117942739167977912237288,
        0.021180974950632540408929588254010875,
        0.025385817642951793056718139413406420,
        0.026840001590648227074779160866370759,
        0.025385817642951793056718139413406420,
        0.021180974950632540408929588254010875,
        0.014682068769117942739167977912237288,
        0.0066055262035480222296868720976836826 };
  
  double x[81] = {
       -0.96816023950762608983557620290367287,
       -0.83603110732663579429942978806973488,
       -0.61337143270059039730870203934147418,
       -0.32425342340380892903853801464333661,
        0.,
        0.32425342340380892903853801464333661,
        0.61337143270059039730870203934147418,
        0.83603110732663579429942978806973488,
        0.96816023950762608983557620290367287,
       -0.96816023950762608983557620290367287,
       -0.83603110732663579429942978806973488,
       -0.61337143270059039730870203934147418,
       -0.32425342340380892903853801464333661,
        0.,
        0.32425342340380892903853801464333661,
        0.61337143270059039730870203934147418,
        0.83603110732663579429942978806973488,
        0.96816023950762608983557620290367287,
       -0.96816023950762608983557620290367287,
       -0.83603110732663579429942978806973488,
       -0.61337143270059039730870203934147418,
       -0.32425342340380892903853801464333661,
        0.,
        0.32425342340380892903853801464333661,
        0.61337143270059039730870203934147418,
        0.83603110732663579429942978806973488,
        0.96816023950762608983557620290367287,
       -0.96816023950762608983557620290367287,
       -0.83603110732663579429942978806973488,
       -0.61337143270059039730870203934147418,
       -0.32425342340380892903853801464333661,
        0.,
        0.32425342340380892903853801464333661,
        0.61337143270059039730870203934147418,
        0.83603110732663579429942978806973488,
        0.96816023950762608983557620290367287,
       -0.96816023950762608983557620290367287,
       -0.83603110732663579429942978806973488,
       -0.61337143270059039730870203934147418,
       -0.32425342340380892903853801464333661,
        0.,
        0.32425342340380892903853801464333661,
        0.61337143270059039730870203934147418,
        0.83603110732663579429942978806973488,
        0.96816023950762608983557620290367287,
       -0.96816023950762608983557620290367287,
       -0.83603110732663579429942978806973488,
       -0.61337143270059039730870203934147418,
       -0.32425342340380892903853801464333661,
        0.,
        0.32425342340380892903853801464333661,
        0.61337143270059039730870203934147418,
        0.83603110732663579429942978806973488,
        0.96816023950762608983557620290367287,
       -0.96816023950762608983557620290367287,
       -0.83603110732663579429942978806973488,
       -0.61337143270059039730870203934147418,
       -0.32425342340380892903853801464333661,
        0.,
        0.32425342340380892903853801464333661,
        0.61337143270059039730870203934147418,
        0.83603110732663579429942978806973488,
        0.96816023950762608983557620290367287,
       -0.96816023950762608983557620290367287,
       -0.83603110732663579429942978806973488,
       -0.61337143270059039730870203934147418,
       -0.32425342340380892903853801464333661,
        0.,
        0.32425342340380892903853801464333661,
        0.61337143270059039730870203934147418,
        0.83603110732663579429942978806973488,
        0.96816023950762608983557620290367287,
       -0.96816023950762608983557620290367287,
       -0.83603110732663579429942978806973488,
       -0.61337143270059039730870203934147418,
       -0.32425342340380892903853801464333661,
        0.,
        0.32425342340380892903853801464333661,
        0.61337143270059039730870203934147418,
        0.83603110732663579429942978806973488,
        0.96816023950762608983557620290367287 };
  
  double e[81] = {
       -0.96816023950762608983557620290367287,
       -0.96816023950762608983557620290367287,
       -0.96816023950762608983557620290367287,
       -0.96816023950762608983557620290367287,
       -0.96816023950762608983557620290367287,
       -0.96816023950762608983557620290367287,
       -0.96816023950762608983557620290367287,
       -0.96816023950762608983557620290367287,
       -0.96816023950762608983557620290367287,
       -0.83603110732663579429942978806973488,
       -0.83603110732663579429942978806973488,
       -0.83603110732663579429942978806973488,
       -0.83603110732663579429942978806973488,
       -0.83603110732663579429942978806973488,
       -0.83603110732663579429942978806973488,
       -0.83603110732663579429942978806973488,
       -0.83603110732663579429942978806973488,
       -0.83603110732663579429942978806973488,
       -0.61337143270059039730870203934147418,
       -0.61337143270059039730870203934147418,
       -0.61337143270059039730870203934147418,
       -0.61337143270059039730870203934147418,
       -0.61337143270059039730870203934147418,
       -0.61337143270059039730870203934147418,
       -0.61337143270059039730870203934147418,
       -0.61337143270059039730870203934147418,
       -0.61337143270059039730870203934147418,
       -0.32425342340380892903853801464333661,
       -0.32425342340380892903853801464333661,
       -0.32425342340380892903853801464333661,
       -0.32425342340380892903853801464333661,
       -0.32425342340380892903853801464333661,
       -0.32425342340380892903853801464333661,
       -0.32425342340380892903853801464333661,
       -0.32425342340380892903853801464333661,
       -0.32425342340380892903853801464333661,
        0.,
        0.,
        0.,
        0.,
        0.,
        0.,
        0.,
        0.,
        0.,
