/** ==========================================================================
#    This file is part of the finite element software ParMooN.
# 
#    ParMooN (cmg.cds.iisc.ac.in/parmoon) is a free finite element software  
#    developed by the research groups of Prof. Sashikumaar Ganesan (IISc, Bangalore),
#    Prof. Volker John (WIAS Berlin) and Prof. Gunar Matthies (TU-Dresden):
#
#    ParMooN is free software: you can redistribute it and/or modify
#    it under the terms of the GNU Affero General Public License as
#    published by the Free Software Foundation, either version 3 of the
#    License, or (at your option) any later version.
#
#    ParMooN is distributed in the hope that it will be useful,
#    but WITHOUT ANY WARRANTY; without even the implied warranty of
#    MERCHANTABILITY or FITNESS FOR A PARTICULAR PURPOSE.  See the
#    GNU Affero General Public License for more details.
#
#    You should have received a copy of the GNU Affero General Public License
#    along with ParMooN.  If not, see <http://www.gnu.org/licenses/>.
#
#    If your company is selling a software using ParMooN, please consider 
#    the option to obtain a commercial license for a fee. Please send 
#    corresponding requests to sashi@iisc.ac.in

# =========================================================================*/ 
   
static double NF_D_Q_P5_2D_Xi[36]={
-0.93246951420315202781,
-0.66120938646626451366,
-0.23861918608319690863,
0.23861918608319690863,
0.66120938646626451366,
0.93246951420315202781,
-0.93246951420315202781,
-0.66120938646626451366,
-0.23861918608319690863,
0.23861918608319690863,
0.66120938646626451366,
0.93246951420315202781,
-0.93246951420315202781,
-0.66120938646626451366,
-0.23861918608319690863,
0.23861918608319690863,
0.66120938646626451366,
0.93246951420315202781,
-0.93246951420315202781,
-0.66120938646626451366,
-0.23861918608319690863,
0.23861918608319690863,
0.66120938646626451366,
0.93246951420315202781,
-0.93246951420315202781,
-0.66120938646626451366,
-0.23861918608319690863,
0.23861918608319690863,
0.66120938646626451366,
0.93246951420315202781,
-0.93246951420315202781,
-0.66120938646626451366,
-0.23861918608319690863,
0.23861918608319690863,
0.66120938646626451366,
0.93246951420315202781
};
 
static double NF_D_Q_P5_2D_Eta[36]={
-0.93246951420315202781,
-0.93246951420315202781,
-0.93246951420315202781,
-0.93246951420315202781,
-0.93246951420315202781,
-0.93246951420315202781,
-0.66120938646626451366,
-0.66120938646626451366,
-0.66120938646626451366,
-0.66120938646626451366,
-0.66120938646626451366,
-0.66120938646626451366,
-0.23861918608319690863,
-0.23861918608319690863,
-0.23861918608319690863,
-0.23861918608319690863,
-0.23861918608319690863,
-0.23861918608319690863,
0.23861918608319690863,
0.23861918608319690863,
0.23861918608319690863,
0.23861918608319690863,
0.23861918608319690863,
0.23861918608319690863,
0.66120938646626451366,
0.66120938646626451366,
0.66120938646626451366,
0.66120938646626451366,
0.66120938646626451366,
0.66120938646626451366,
0.93246951420315202781,
0.93246951420315202781,
0.93246951420315202781,
0.93246951420315202781,
0.93246951420315202781,
0.93246951420315202781
};

static double NF_D_Q_P5_2D_W1[36] = {
0.0073380204222450994087,
0.015451823343095832154,
0.020041279329451654697,
0.020041279329451654697,
0.015451823343095832154,
0.0073380204222450994087,
0.015451823343095832154,
0.032537228147041862145,
0.042201341771896957593,
0.042201341771896957593,
0.032537228147041862145,
0.015451823343095832154,
0.020041279329451654697,
0.042201341771896957593,
0.054735862541824149557,
0.054735862541824149557,
0.042201341771896957593,
0.020041279329451654697,
0.020041279329451654697,
0.042201341771896957593,
0.054735862541824149557,
0.054735862541824149557,
0.042201341771896957593,
0.020041279329451654697,
0.015451823343095832154,
0.032537228147041862145,
0.042201341771896957593,
0.042201341771896957593,
0.032537228147041862145,
0.015451823343095832154,
0.0073380204222450994087,
0.015451823343095832154,
0.020041279329451654697,
0.020041279329451654697,
0.015451823343095832154,
0.0073380204222450994087
};

static double NF_D_Q_P5_2D_W2[36] = {
-0.02052744101503108909,
-0.030650671897420498243,
-0.014346701284979256466,
0.014346701284979256466,
0.030650671897420498243,
0.02052744101503108909,
-0.04322506261886848533,
-0.064541761981255266729,
-0.030210149475686612617,
0.030210149475686612617,
0.064541761981255266729,
0.04322506261886848533,
-0.056063646001030370633,
-0.083711769903147382448,
-0.039183080907875472232,
0.039183080907875472232,
0.083711769903147382448,
0.056063646001030370633,
-0.056063646001030370633,
-0.083711769903147382448,
-0.039183080907875472232,
0.039183080907875472232,
0.083711769903147382448,
0.056063646001030370633,
-0.04322506261886848533,
-0.064541761981255266729,
-0.030210149475686612617,
0.030210149475686612617,
0.064541761981255266729,
0.04322506261886848533,
-0.02052744101503108909,
-0.030650671897420498243,
-0.014346701284979256466,
0.014346701284979256466,
0.030650671897420498243,
0.02052744101503108909
};

static double NF_D_Q_P5_2D_W3[36] = {
-0.02052744101503108909,
-0.04322506261886848533,
-0.056063646001030370633,
-0.056063646001030370633,
-0.04322506261886848533,
-0.02052744101503108909,
-0.030650671897420498243,
-0.064541761981255266729,
-0.083711769903147382448,
-0.083711769903147382448,
-0.064541761981255266729,
-0.030650671897420498243,
-0.014346701284979256466,
-0.030210149475686612617,
-0.039183080907875472232,
-0.039183080907875472232,
-0.030210149475686612617,
-0.014346701284979256466,
0.014346701284979256466,
0.030210149475686612617,
0.039183080907875472232,
0.039183080907875472232,
0.030210149475686612617,
0.014346701284979256466,
0.030650671897420498243,
0.064541761981255266729,
0.083711769903147382448,
0.083711769903147382448,
0.064541761981255266729,
0.030650671897420498243,
0.02052744101503108909,
0.04322506261886848533,
0.056063646001030370633,
0.056063646001030370633,
0.04322506261886848533,
0.02052744101503108909
};

static double NF_D_Q_P5_2D_W4[36] = {
0.029507981322186995495,
0.012036721542440877745,
-0.041544702864627873241,
-0.041544702864627873241,
0.012036721542440877745,
0.029507981322186995495,
0.062135574496303226786,
0.025345976735089023848,
-0.087481551231392250634,
-0.087481551231392250634,
0.025345976735089023848,
0.062135574496303226786,
0.080590903553966554694,
0.03287416561442057576,
-0.11346506916838713045,
-0.11346506916838713045,
0.03287416561442057576,
0.080590903553966554694,
0.080590903553966554694,
0.03287416561442057576,
-0.11346506916838713045,
-0.11346506916838713045,
0.03287416561442057576,
0.080590903553966554694,
0.062135574496303226786,
0.025345976735089023848,
-0.087481551231392250634,
-0.087481551231392250634,
0.025345976735089023848,
0.062135574496303226786,
0.029507981322186995495,
0.012036721542440877745,
-0.041544702864627873241,
-0.041544702864627873241,
0.012036721542440877745,
0.029507981322186995495
};

static double NF_D_Q_P5_2D_W5[36] = {
0.057423638853359692821,
0.085742451402563687999,
0.040133584732867032706,
-0.040133584732867032706,
-0.085742451402563687999,
-0.057423638853359692821,
0.085742451402563687999,
0.12802685652323241505,
0.059925703199618663129,
-0.059925703199618663129,
-0.12802685652323241505,
-0.085742451402563687999,
0.040133584732867032706,
0.059925703199618663129,
0.028049504623407892126,
-0.028049504623407892126,
-0.059925703199618663129,
-0.040133584732867032706,
-0.040133584732867032706,
-0.059925703199618663129,
-0.028049504623407892126,
0.028049504623407892126,
0.059925703199618663129,
0.040133584732867032706,
-0.085742451402563687999,
-0.12802685652323241505,
-0.059925703199618663129,
0.059925703199618663129,
0.12802685652323241505,
0.085742451402563687999,
-0.057423638853359692821,
-0.085742451402563687999,
-0.040133584732867032706,
0.040133584732867032706,
0.085742451402563687999,
0.057423638853359692821
};

static double NF_D_Q_P5_2D_W6[36] = {
0.029507981322186995495,
0.062135574496303226786,
0.080590903553966554694,
0.080590903553966554694,
0.062135574496303226786,
0.029507981322186995495,
0.012036721542440877745,
0.025345976735089023848,
0.03287416561442057576,
0.03287416561442057576,
0.025345976735089023848,
0.012036721542440877745,
-0.041544702864627873241,
-0.087481551231392250634,
-0.11346506916838713045,
-0.11346506916838713045,
-0.087481551231392250634,
-0.041544702864627873241,
-0.041544702864627873241,
-0.087481551231392250634,
-0.11346506916838713045,
-0.11346506916838713045,
-0.087481551231392250634,
-0.041544702864627873241,
0.012036721542440877745,
0.025345976735089023848,
0.03287416561442057576,
0.03287416561442057576,
0.025345976735089023848,
0.012036721542440877745,
0.029507981322186995495,
0.062135574496303226786,
0.080590903553966554694,
0.080590903553966554694,
0.062135574496303226786,
0.029507981322186995495
};

static double NF_D_Q_P5_2D_W7[36] = {
-0.032270775441165330118,
0.029108305330543592993,
0.045448271649538955084,
-0.045448271649538955084,
-0.029108305330543592993,
0.032270775441165330118,
-0.067953247956352832304,
0.061293968387027639332,
0.095701377806038790012,
-0.095701377806038790012,
-0.061293968387027639332,
0.067953247956352832304,
-0.088136525599437834757,
0.079499326026392665116,
0.12412632491564159201,
-0.12412632491564159201,
-0.079499326026392665116,
0.088136525599437834757,
-0.088136525599437834757,
0.079499326026392665116,
0.12412632491564159201,
-0.12412632491564159201,
-0.079499326026392665116,
0.088136525599437834757,
-0.067953247956352832304,
0.061293968387027639332,
0.095701377806038790012,
-0.095701377806038790012,
-0.061293968387027639332,
0.067953247956352832304,
-0.032270775441165330118,
0.029108305330543592993,
0.045448271649538955084,
-0.045448271649538955084,
-0.029108305330543592993,
0.032270775441165330118
};

static double NF_D_Q_P5_2D_W8[36] = {
-0.082545879025846174047,
-0.033671627667835380103,
0.11621750669368155415,
0.11621750669368155415,
-0.033671627667835380103,
-0.082545879025846174047,
-0.12325387527128858783,
-0.050276993179189282889,
0.17353086845047787072,
0.17353086845047787072,
-0.050276993179189282889,
-0.12325387527128858783,
-0.057691607435270761175,
-0.023533219926231769808,
0.081224827361502530983,
0.081224827361502530983,
-0.023533219926231769808,
-0.057691607435270761175,
0.057691607435270761175,
0.023533219926231769808,
-0.081224827361502530983,
-0.081224827361502530983,
0.023533219926231769808,
0.057691607435270761175,
0.12325387527128858783,
0.050276993179189282889,
-0.17353086845047787072,
-0.17353086845047787072,
0.050276993179189282889,
0.12325387527128858783,
0.082545879025846174047,
0.033671627667835380103,
-0.11621750669368155415,
-0.11621750669368155415,
0.033671627667835380103,
0.082545879025846174047
};

static double NF_D_Q_P5_2D_W9[36] = {
-0.082545879025846174047,
-0.12325387527128858783,
-0.057691607435270761175,
0.057691607435270761175,
0.12325387527128858783,
0.082545879025846174047,
-0.033671627667835380103,
-0.050276993179189282889,
-0.023533219926231769808,
0.023533219926231769808,
0.050276993179189282889,
0.033671627667835380103,
0.11621750669368155415,
0.17353086845047787072,
0.081224827361502530983,
-0.081224827361502530983,
-0.17353086845047787072,
-0.11621750669368155415,
0.11621750669368155415,
0.17353086845047787072,
0.081224827361502530983,
-0.081224827361502530983,
-0.17353086845047787072,
-0.11621750669368155415,
-0.033671627667835380103,
-0.050276993179189282889,
-0.023533219926231769808,
0.023533219926231769808,
0.050276993179189282889,
0.033671627667835380103,
-0.082545879025846174047,
-0.12325387527128858783,
-0.057691607435270761175,
0.057691607435270761175,
0.12325387527128858783,
0.082545879025846174047
};

static double NF_D_Q_P5_2D_W10[36] = {
-0.032270775441165330118,
-0.067953247956352832304,
-0.088136525599437834757,
-0.088136525599437834757,
-0.067953247956352832304,
-0.032270775441165330118,
0.029108305330543592993,
0.061293968387027639332,
0.079499326026392665116,
0.079499326026392665116,
0.061293968387027639332,
0.029108305330543592993,
0.045448271649538955084,
0.095701377806038790012,
0.12412632491564159201,
0.12412632491564159201,
0.095701377806038790012,
0.045448271649538955084,
-0.045448271649538955084,
-0.095701377806038790012,
-0.12412632491564159201,
-0.12412632491564159201,
-0.095701377806038790012,
-0.045448271649538955084,
-0.029108305330543592993,
-0.061293968387027639332,
-0.079499326026392665116,
-0.079499326026392665116,
-0.061293968387027639332,
-0.029108305330543592993,
0.032270775441165330118,
0.067953247956352832304,
0.088136525599437834757,
0.088136525599437834757,
0.067953247956352832304,
0.032270775441165330118
};

static double NF_D_Q_P5_2D_W11[36] = {
0.027870132386858056069,
-0.059554614676828393451,
0.031684482289970337382,
0.031684482289970337382,
-0.059554614676828393451,
0.027870132386858056069,
0.058686721678360626296,
-0.12540539986272578798,
0.066718678184365161687,
0.066718678184365161687,
-0.12540539986272578798,
0.058686721678360626296,
0.076117682422983459449,
-0.16265294989885119136,
0.086535267475867731914,
0.086535267475867731914,
-0.16265294989885119136,
0.076117682422983459449,
0.076117682422983459449,
-0.16265294989885119136,
0.086535267475867731914,
0.086535267475867731914,
-0.16265294989885119136,
0.076117682422983459449,
0.058686721678360626296,
-0.12540539986272578798,
0.066718678184365161687,
0.066718678184365161687,
-0.12540539986272578798,
0.058686721678360626296,
0.027870132386858056069,
-0.059554614676828393451,
0.031684482289970337382,
0.031684482289970337382,
-0.059554614676828393451,
0.027870132386858056069
};

static double NF_D_Q_P5_2D_W12[36] = {
0.090274542895747333317,
-0.081427821992547014305,
-0.12713738335925542895,
0.12713738335925542895,
0.081427821992547014305,
-0.090274542895747333317,
0.13479397616882999747,
-0.12158444169380747438,
-0.18983594790932127545,
0.18983594790932127545,
0.12158444169380747438,
-0.13479397616882999747,
0.063093198008216113964,
-0.05691019341174159129,
-0.0888567678686065256,
0.0888567678686065256,
0.05691019341174159129,
-0.063093198008216113964,
-0.063093198008216113964,
0.05691019341174159129,
0.0888567678686065256,
-0.0888567678686065256,
-0.05691019341174159129,
0.063093198008216113964,
-0.13479397616882999747,
0.12158444169380747438,
0.18983594790932127545,
-0.18983594790932127545,
-0.12158444169380747438,
0.13479397616882999747,
-0.090274542895747333317,
0.081427821992547014305,
0.12713738335925542895,
-0.12713738335925542895,
-0.081427821992547014305,
0.090274542895747333317
};

static double NF_D_Q_P5_2D_W13[36] = {
0.11865883598128985642,
0.04840261187853748003,
-0.16706144785982733645,
-0.16706144785982733645,
0.04840261187853748003,
0.11865883598128985642,
0.04840261187853748003,
0.019744107695728219104,
-0.068146719574265699134,
-0.068146719574265699134,
0.019744107695728219104,
0.04840261187853748003,
-0.16706144785982733645,
-0.068146719574265699134,
0.23520816743409303559,
0.23520816743409303559,
-0.068146719574265699134,
-0.16706144785982733645,
-0.16706144785982733645,
-0.068146719574265699134,
0.23520816743409303559,
0.23520816743409303559,
-0.068146719574265699134,
-0.16706144785982733645,
0.04840261187853748003,
0.019744107695728219104,
-0.068146719574265699134,
-0.068146719574265699134,
0.019744107695728219104,
0.04840261187853748003,
0.11865883598128985642,
0.04840261187853748003,
-0.16706144785982733645,
-0.16706144785982733645,
0.04840261187853748003,
0.11865883598128985642
};

static double NF_D_Q_P5_2D_W14[36] = {
0.090274542895747333317,
0.13479397616882999747,
0.063093198008216113964,
-0.063093198008216113964,
-0.13479397616882999747,
-0.090274542895747333317,
-0.081427821992547014305,
-0.12158444169380747438,
-0.05691019341174159129,
0.05691019341174159129,
0.12158444169380747438,
0.081427821992547014305,
-0.12713738335925542895,
-0.18983594790932127545,
-0.0888567678686065256,
0.0888567678686065256,
0.18983594790932127545,
0.12713738335925542895,
0.12713738335925542895,
0.18983594790932127545,
0.0888567678686065256,
-0.0888567678686065256,
-0.18983594790932127545,
-0.12713738335925542895,
0.081427821992547014305,
0.12158444169380747438,
0.05691019341174159129,
-0.05691019341174159129,
-0.12158444169380747438,
-0.081427821992547014305,
-0.090274542895747333317,
-0.13479397616882999747,
-0.063093198008216113964,
0.063093198008216113964,
0.13479397616882999747,
0.090274542895747333317
};

static double NF_D_Q_P5_2D_W15[36] = {
0.027870132386858056069,
0.058686721678360626296,
0.076117682422983459449,
0.076117682422983459449,
0.058686721678360626296,
0.027870132386858056069,
-0.059554614676828393451,
-0.12540539986272578798,
-0.16265294989885119136,
-0.16265294989885119136,
-0.12540539986272578798,
-0.059554614676828393451,
0.031684482289970337382,
0.066718678184365161687,
0.086535267475867731914,
0.086535267475867731914,
0.066718678184365161687,
0.031684482289970337382,
0.031684482289970337382,
0.066718678184365161687,
0.086535267475867731914,
0.086535267475867731914,
0.066718678184365161687,
0.031684482289970337382,
-0.059554614676828393451,
-0.12540539986272578798,
-0.16265294989885119136,
-0.16265294989885119136,
-0.12540539986272578798,
-0.059554614676828393451,
0.027870132386858056069,
0.058686721678360626296,
0.076117682422983459449,
0.076117682422983459449,
0.058686721678360626296,
0.027870132386858056069
};

static double NF_D_Q_P5_2D_W16[36] = {
-0.016604732536290214675,
0.05003845637991485541,
-0.073768125899806530429,
0.073768125899806530429,
-0.05003845637991485541,
0.016604732536290214675,
-0.034964933189925935121,
0.10536702596244498929,
-0.15533508823437153501,
0.15533508823437153501,
-0.10536702596244498929,
0.034964933189925935121,
-0.045350116761982369468,
0.13666283599925362623,
-0.20147226795477554617,
0.20147226795477554617,
-0.13666283599925362623,
0.045350116761982369468,
-0.045350116761982369468,
0.13666283599925362623,
-0.20147226795477554617,
0.20147226795477554617,
-0.13666283599925362623,
0.045350116761982369468,
-0.034964933189925935121,
0.10536702596244498929,
-0.15533508823437153501,
0.15533508823437153501,
-0.10536702596244498929,
0.034964933189925935121,
-0.016604732536290214675,
0.05003845637991485541,
-0.073768125899806530429,
0.073768125899806530429,
-0.05003845637991485541,
0.016604732536290214675
};

static double NF_D_Q_P5_2D_W17[36] = {
-0.077964146422653196319,
0.16659858784877423952,
-0.088634441426121043201,
-0.088634441426121043201,
0.16659858784877423952,
-0.077964146422653196319,
-0.11641263370399576483,
0.24875768250836847101,
-0.13234504880437270618,
-0.13234504880437270618,
0.24875768250836847101,
-0.11641263370399576483,
-0.054489418278934729964,
0.11643634355668462869,
-0.061946925277749898723,
-0.061946925277749898723,
0.11643634355668462869,
-0.054489418278934729964,
0.054489418278934729964,
-0.11643634355668462869,
0.061946925277749898723,
0.061946925277749898723,
-0.11643634355668462869,
0.054489418278934729964,
0.11641263370399576483,
-0.24875768250836847101,
0.13234504880437270618,
0.13234504880437270618,
-0.24875768250836847101,
0.11641263370399576483,
0.077964146422653196319,
-0.16659858784877423952,
0.088634441426121043201,
0.088634441426121043201,
-0.16659858784877423952,
0.077964146422653196319
};

static double NF_D_Q_P5_2D_W18[36] = {
-0.12976870929435948724,
0.11705164071366865054,
0.18275865612131464848,
-0.18275865612131464848,
-0.11705164071366865054,
0.12976870929435948724,
-0.052934485813968826014,
0.047747014272945278457,
0.074549832100813200325,
-0.074549832100813200325,
-0.047747014272945278457,
0.052934485813968826014,
0.18270319510832831325,
-0.164798654986613929,
-0.25730848822212784881,
0.25730848822212784881,
0.164798654986613929,
-0.18270319510832831325,
0.18270319510832831325,
-0.164798654986613929,
-0.25730848822212784881,
0.25730848822212784881,
0.164798654986613929,
-0.18270319510832831325,
-0.052934485813968826014,
0.047747014272945278457,
0.074549832100813200325,
-0.074549832100813200325,
-0.047747014272945278457,
0.052934485813968826014,
-0.12976870929435948724,
0.11705164071366865054,
0.18275865612131464848,
-0.18275865612131464848,
-0.11705164071366865054,
0.12976870929435948724
};

static double NF_D_Q_P5_2D_W19[36] = {
-0.12976870929435948724,
-0.052934485813968826014,
0.18270319510832831325,
0.18270319510832831325,
-0.052934485813968826014,
-0.12976870929435948724,
0.11705164071366865054,
0.047747014272945278457,
-0.164798654986613929,
-0.164798654986613929,
0.047747014272945278457,
0.11705164071366865054,
0.18275865612131464848,
0.074549832100813200325,
-0.25730848822212784881,
-0.25730848822212784881,
0.074549832100813200325,
0.18275865612131464848,
-0.18275865612131464848,
-0.074549832100813200325,
0.25730848822212784881,
0.25730848822212784881,
-0.074549832100813200325,
-0.18275865612131464848,
-0.11705164071366865054,
-0.047747014272945278457,
0.164798654986613929,
0.164798654986613929,
-0.047747014272945278457,
-0.11705164071366865054,
0.12976870929435948724,
0.052934485813968826014,
-0.18270319510832831325,
-0.18270319510832831325,
0.052934485813968826014,
0.12976870929435948724
};

static double NF_D_Q_P5_2D_W20[36] = {
-0.077964146422653196319,
-0.11641263370399576483,
-0.054489418278934729964,
0.054489418278934729964,
0.11641263370399576483,
0.077964146422653196319,
0.16659858784877423952,
0.24875768250836847101,
0.11643634355668462869,
-0.11643634355668462869,
-0.24875768250836847101,
-0.16659858784877423952,
-0.088634441426121043201,
-0.13234504880437270618,
-0.061946925277749898723,
0.061946925277749898723,
0.13234504880437270618,
0.088634441426121043201,
-0.088634441426121043201,
-0.13234504880437270618,
-0.061946925277749898723,
0.061946925277749898723,
0.13234504880437270618,
0.088634441426121043201,
0.16659858784877423952,
0.24875768250836847101,
0.11643634355668462869,
-0.11643634355668462869,
-0.24875768250836847101,
-0.16659858784877423952,
-0.077964146422653196319,
-0.11641263370399576483,
-0.054489418278934729964,
0.054489418278934729964,
0.11641263370399576483,
0.077964146422653196319
};

static double NF_D_Q_P5_2D_W21[36] = {
-0.016604732536290214675,
-0.034964933189925935121,
-0.045350116761982369468,
-0.045350116761982369468,
-0.034964933189925935121,
-0.016604732536290214675,
0.05003845637991485541,
0.10536702596244498929,
0.13666283599925362623,
0.13666283599925362623,
0.10536702596244498929,
0.05003845637991485541,
-0.073768125899806530429,
-0.15533508823437153501,
-0.20147226795477554617,
-0.20147226795477554617,
-0.15533508823437153501,
-0.073768125899806530429,
0.073768125899806530429,
0.15533508823437153501,
0.20147226795477554617,
0.20147226795477554617,
0.15533508823437153501,
0.073768125899806530429,
-0.05003845637991485541,
-0.10536702596244498929,
-0.13666283599925362623,
-0.13666283599925362623,
-0.10536702596244498929,
-0.05003845637991485541,
0.016604732536290214675,
0.034964933189925935121,
0.045350116761982369468,
0.045350116761982369468,
0.034964933189925935121,
0.016604732536290214675
};

static double *NF_D_Q_P5_2D_T = NULL;

void NF_D_Q_P5_2D_EvalAll(TCollection *Coll, TBaseCell *Cell, double *PointValues,
                          double *Functionals)
{
  Functionals[0] = Ddot(36, PointValues, NF_D_Q_P5_2D_W1);
  Functionals[1] = Ddot(36, PointValues, NF_D_Q_P5_2D_W2);
  Functionals[2] = Ddot(36, PointValues, NF_D_Q_P5_2D_W3);
  Functionals[3] = Ddot(36, PointValues, NF_D_Q_P5_2D_W4);
  Functionals[4] = Ddot(36, PointValues, NF_D_Q_P5_2D_W5);
  Functionals[5] = Ddot(36, PointValues, NF_D_Q_P5_2D_W6);
  Functionals[6] = Ddot(36, PointValues, NF_D_Q_P5_2D_W7);
  Functionals[7] = Ddot(36, PointValues, NF_D_Q_P5_2D_W8);
  Functionals[8] = Ddot(36, PointValues, NF_D_Q_P5_2D_W9);
  Functionals[9] = Ddot(36, PointValues, NF_D_Q_P5_2D_W10);
  Functionals[10] = Ddot(36, PointValues, NF_D_Q_P5_2D_W11);
  Functionals[11] = Ddot(36, PointValues, NF_D_Q_P5_2D_W12);
  Functionals[12] = Ddot(36, PointValues, NF_D_Q_P5_2D_W13);
  Functionals[13] = Ddot(36, PointValues, NF_D_Q_P5_2D_W14);
  Functionals[14] = Ddot(36, PointValues, NF_D_Q_P5_2D_W15);
  Functionals[15] = Ddot(36, PointValues, NF_D_Q_P5_2D_W16);
  Functionals[16] = Ddot(36, PointValues, NF_D_Q_P5_2D_W17);
  Functionals[17] = Ddot(36, PointValues, NF_D_Q_P5_2D_W18);
  Functionals[18] = Ddot(36, PointValues, NF_D_Q_P5_2D_W19);
  Functionals[19] = Ddot(36, PointValues, NF_D_Q_P5_2D_W20);
  Functionals[20] = Ddot(36, PointValues, NF_D_Q_P5_2D_W21);
}

void NF_D_Q_P5_2D_EvalEdge(TCollection *Coll, TBaseCell *Cell, int Joint, double *PointValues,
                           double *Functionals)
{
}

/*
    TNodalFunctional2D(NodalFunctional2D id,
                       int n_allfunctionals, int n_edgefunctionals,
                       int n_pointsall, int n_pointsedge,
                       double *xi, double *eta, double *t,
                       DoubleFunctVect *evalall,
                       DoubleFunctVect *evaledge);
*/

TNodalFunctional2D *NF_D_Q_P5_2D_Obj = new TNodalFunctional2D
        (NF_D_Q_P5_2D, 21, 0, 36, 0, NF_D_Q_P5_2D_Xi, NF_D_Q_P5_2D_Eta,
         NF_D_Q_P5_2D_T, NF_D_Q_P5_2D_EvalAll, NULL);
