/** ==========================================================================
#    This file is part of the finite element software ParMooN.
# 
#    ParMooN (cmg.cds.iisc.ac.in/parmoon) is a free finite element software  
#    developed by the research groups of Prof. Sashikumaar Ganesan (IISc, Bangalore),
#    Prof. Volker John (WIAS Berlin) and Prof. Gunar Matthies (TU-Dresden):
#
#    ParMooN is free software: you can redistribute it and/or modify
#    it under the terms of the GNU Affero General Public License as
#    published by the Free Software Foundation, either version 3 of the
#    License, or (at your option) any later version.
#
#    ParMooN is distributed in the hope that it will be useful,
#    but WITHOUT ANY WARRANTY; without even the implied warranty of
#    MERCHANTABILITY or FITNESS FOR A PARTICULAR PURPOSE.  See the
#    GNU Affero General Public License for more details.
#
#    You should have received a copy of the GNU Affero General Public License
#    along with ParMooN.  If not, see <http://www.gnu.org/licenses/>.
#
#    If your company is selling a software using ParMooN, please consider 
#    the option to obtain a commercial license for a fee. Please send 
#    corresponding requests to sashi@iisc.ac.in

# =========================================================================*/ 
   
static double NF_D_Q_P6_2D_Xi[49]={
-0.94910791234275852453,
-0.74153118559939443986,
-0.40584515137739716691,
0,
0.40584515137739716691,
0.74153118559939443986,
0.94910791234275852453,
-0.94910791234275852453,
-0.74153118559939443986,
-0.40584515137739716691,
0,
0.40584515137739716691,
0.74153118559939443986,
0.94910791234275852453,
-0.94910791234275852453,
-0.74153118559939443986,
-0.40584515137739716691,
0,
0.40584515137739716691,
0.74153118559939443986,
0.94910791234275852453,
-0.94910791234275852453,
-0.74153118559939443986,
-0.40584515137739716691,
0,
0.40584515137739716691,
0.74153118559939443986,
0.94910791234275852453,
-0.94910791234275852453,
-0.74153118559939443986,
-0.40584515137739716691,
0,
0.40584515137739716691,
0.74153118559939443986,
0.94910791234275852453,
-0.94910791234275852453,
-0.74153118559939443986,
-0.40584515137739716691,
0,
0.40584515137739716691,
0.74153118559939443986,
0.94910791234275852453,
-0.94910791234275852453,
-0.74153118559939443986,
-0.40584515137739716691,
0,
0.40584515137739716691,
0.74153118559939443986,
0.94910791234275852453
};
 
static double NF_D_Q_P6_2D_Eta[49]={
-0.94910791234275852453,
-0.94910791234275852453,
-0.94910791234275852453,
-0.94910791234275852453,
-0.94910791234275852453,
-0.94910791234275852453,
-0.94910791234275852453,
-0.74153118559939443986,
-0.74153118559939443986,
-0.74153118559939443986,
-0.74153118559939443986,
-0.74153118559939443986,
-0.74153118559939443986,
-0.74153118559939443986,
-0.40584515137739716691,
-0.40584515137739716691,
-0.40584515137739716691,
-0.40584515137739716691,
-0.40584515137739716691,
-0.40584515137739716691,
-0.40584515137739716691,
0,
0,
0,
0,
0,
0,
0,
0.40584515137739716691,
0.40584515137739716691,
0.40584515137739716691,
0.40584515137739716691,
0.40584515137739716691,
0.40584515137739716691,
0.40584515137739716691,
0.74153118559939443986,
0.74153118559939443986,
0.74153118559939443986,
0.74153118559939443986,
0.74153118559939443986,
0.74153118559939443986,
0.74153118559939443986,
0.94910791234275852453,
0.94910791234275852453,
0.94910791234275852453,
0.94910791234275852453,
0.94910791234275852453,
0.94910791234275852453,
0.94910791234275852453
};

static double NF_D_Q_P6_2D_W1[49] = {
0.0041915891159383322529,
0.0090544107885598605937,
0.012360312792978283231,
0.013529857689481894481,
0.012360312792978283231,
0.0090544107885598605937,
0.0041915891159383322529,
0.0090544107885598605937,
0.019558776507042381161,
0.026699980939726144204,
0.029226359273981562034,
0.026699980939726144204,
0.019558776507042381161,
0.0090544107885598605937,
0.012360312792978283231,
0.026699980939726144204,
0.036448546867185421067,
0.039897344052779775472,
0.036448546867185421067,
0.026699980939726144204,
0.012360312792978283231,
0.013529857689481894481,
0.029226359273981562034,
0.039897344052779775472,
0.043672469804248229904,
0.039897344052779775472,
0.029226359273981562034,
0.013529857689481894481,
0.012360312792978283231,
0.026699980939726144204,
0.036448546867185421067,
0.039897344052779775472,
0.036448546867185421067,
0.026699980939726144204,
0.012360312792978283231,
0.0090544107885598605937,
0.019558776507042381161,
0.026699980939726144204,
0.029226359273981562034,
0.026699980939726144204,
0.019558776507042381161,
0.0090544107885598605937,
0.0041915891159383322529,
0.0090544107885598605937,
0.012360312792978283231,
0.013529857689481894481,
0.012360312792978283231,
0.0090544107885598605937,
0.0041915891159383322529
};

static double NF_D_Q_P6_2D_W2[49] = {
-0.011934811185680578038,
-0.020142383900834224057,
-0.015049119049614750383,
0,
0.015049119049614750383,
0.020142383900834224057,
0.011934811185680578038,
-0.025780838763071397772,
-0.043510328196422158909,
-0.032508173418770328168,
0,
0.032508173418770328168,
0.043510328196422158909,
0.025780838763071397772,
-0.035193812012541327702,
-0.05939660556514908422,
-0.04437739806239706745,
0,
0.04437739806239706745,
0.05939660556514908422,
0.035193812012541327702,
-0.038523884957876337873,
-0.065016770529568213828,
-0.048576430909969513677,
0,
0.048576430909969513677,
0.065016770529568213828,
0.038523884957876337873,
-0.035193812012541327702,
-0.05939660556514908422,
-0.04437739806239706745,
0,
0.04437739806239706745,
0.05939660556514908422,
0.035193812012541327702,
-0.025780838763071397772,
-0.043510328196422158909,
-0.032508173418770328168,
0,
0.032508173418770328168,
0.043510328196422158909,
0.025780838763071397772,
-0.011934811185680578038,
-0.020142383900834224057,
-0.015049119049614750383,
0,
0.015049119049614750383,
0.020142383900834224057,
0.011934811185680578038
};

static double NF_D_Q_P6_2D_W3[49] = {
-0.011934811185680578038,
-0.025780838763071397772,
-0.035193812012541327702,
-0.038523884957876337873,
-0.035193812012541327702,
-0.025780838763071397772,
-0.011934811185680578038,
-0.020142383900834224057,
-0.043510328196422158909,
-0.05939660556514908422,
-0.065016770529568213828,
-0.05939660556514908422,
-0.043510328196422158909,
-0.020142383900834224057,
-0.015049119049614750383,
-0.032508173418770328168,
-0.04437739806239706745,
-0.048576430909969513677,
-0.04437739806239706745,
-0.032508173418770328168,
-0.015049119049614750383,
0,
0,
0,
0,
0,
0,
0,
0.015049119049614750383,
0.032508173418770328168,
0.04437739806239706745,
0.048576430909969513677,
0.04437739806239706745,
0.032508173418770328168,
0.015049119049614750383,
0.020142383900834224057,
0.043510328196422158909,
0.05939660556514908422,
0.065016770529568213828,
0.05939660556514908422,
0.043510328196422158909,
0.020142383900834224057,
0.011934811185680578038,
0.025780838763071397772,
0.035193812012541327702,
0.038523884957876337873,
0.035193812012541327702,
0.025780838763071397772,
0.011934811185680578038
};

static double NF_D_Q_P6_2D_W4[49] = {
0.017839586531769909351,
0.014704487565559742439,
-0.01563175198547728369,
-0.033824644223704736201,
-0.01563175198547728369,
0.014704487565559742439,
0.017839586531769909351,
0.038535968170760246771,
0.031763721865673259732,
-0.033766740943956553961,
-0.073065898184953905084,
-0.033766740943956553961,
0.031763721865673259732,
0.038535968170760246771,
0.052606031634070782991,
0.043361136013946115105,
-0.046095487582042178755,
-0.099743360131949438681,
-0.046095487582042178755,
0.043361136013946115105,
0.052606031634070782991,
0.057583665845551786198,
0.047464009151632309644,
-0.050457087741873808462,
-0.10918117451062057476,
-0.050457087741873808462,
0.047464009151632309644,
0.057583665845551786198,
0.052606031634070782991,
0.043361136013946115105,
-0.046095487582042178755,
-0.099743360131949438681,
-0.046095487582042178755,
0.043361136013946115105,
0.052606031634070782991,
0.038535968170760246771,
0.031763721865673259732,
-0.033766740943956553961,
-0.073065898184953905084,
-0.033766740943956553961,
0.031763721865673259732,
0.038535968170760246771,
0.017839586531769909351,
0.014704487565559742439,
-0.01563175198547728369,
-0.033824644223704736201,
-0.01563175198547728369,
0.014704487565559742439,
0.017839586531769909351
};

static double NF_D_Q_P6_2D_W5[49] = {
0.03398227118593888798,
0.057351887801181477718,
0.042849713891332481944,
0,
-0.042849713891332481944,
-0.057351887801181477718,
-0.03398227118593888798,
0.057351887801181477718,
0.096792795759935055162,
0.07231747313067444326,
0,
-0.07231747313067444326,
-0.096792795759935055162,
-0.057351887801181477718,
0.042849713891332481944,
0.07231747313067444326,
0.054031055503105648694,
0,
-0.054031055503105648694,
-0.07231747313067444326,
-0.042849713891332481944,
0,
0,
0,
0,
0,
0,
0,
-0.042849713891332481944,
-0.07231747313067444326,
-0.054031055503105648694,
0,
0.054031055503105648694,
0.07231747313067444326,
0.042849713891332481944,
-0.057351887801181477718,
-0.096792795759935055162,
-0.07231747313067444326,
0,
0.07231747313067444326,
0.096792795759935055162,
0.057351887801181477718,
-0.03398227118593888798,
-0.057351887801181477718,
-0.042849713891332481944,
0,
0.042849713891332481944,
0.057351887801181477718,
0.03398227118593888798
};

static double NF_D_Q_P6_2D_W6[49] = {
0.017839586531769909351,
0.038535968170760246771,
0.052606031634070782991,
0.057583665845551786198,
0.052606031634070782991,
0.038535968170760246771,
0.017839586531769909351,
0.014704487565559742439,
0.031763721865673259732,
0.043361136013946115105,
0.047464009151632309644,
0.043361136013946115105,
0.031763721865673259732,
0.014704487565559742439,
-0.01563175198547728369,
-0.033766740943956553961,
-0.046095487582042178755,
-0.050457087741873808462,
-0.046095487582042178755,
-0.033766740943956553961,
-0.01563175198547728369,
-0.033824644223704736201,
-0.073065898184953905084,
-0.099743360131949438681,
-0.10918117451062057476,
-0.099743360131949438681,
-0.073065898184953905084,
-0.033824644223704736201,
-0.01563175198547728369,
-0.033766740943956553961,
-0.046095487582042178755,
-0.050457087741873808462,
-0.046095487582042178755,
-0.033766740943956553961,
-0.01563175198547728369,
0.014704487565559742439,
0.031763721865673259732,
0.043361136013946115105,
0.047464009151632309644,
0.043361136013946115105,
0.031763721865673259732,
0.014704487565559742439,
0.017839586531769909351,
0.038535968170760246771,
0.052606031634070782991,
0.057583665845551786198,
0.052606031634070782991,
0.038535968170760246771,
0.017839586531769909351
};

static double NF_D_Q_P6_2D_W7[49] = {
-0.020942021192802294654,
0.0058903129501262984411,
0.038212572495805066741,
0,
-0.038212572495805066741,
-0.0058903129501262984411,
0.020942021192802294654,
-0.045237655070089184131,
0.012723888637085121732,
0.082544428639014894206,
0,
-0.082544428639014894206,
-0.012723888637085121732,
0.045237655070089184131,
-0.061754605544696904515,
0.017369572374174206014,
0.11268264508000939673,
0,
-0.11268264508000939673,
-0.017369572374174206014,
0.061754605544696904515,
-0.067597886775526576109,
0.019013098316026254497,
0.1233447872672782571,
0,
-0.1233447872672782571,
-0.019013098316026254497,
0.067597886775526576109,
-0.061754605544696904515,
0.017369572374174206014,
0.11268264508000939673,
0,
-0.11268264508000939673,
-0.017369572374174206014,
0.061754605544696904515,
-0.045237655070089184131,
0.012723888637085121732,
0.082544428639014894206,
0,
-0.082544428639014894206,
-0.012723888637085121732,
0.045237655070089184131,
-0.020942021192802294654,
0.0058903129501262984411,
0.038212572495805066741,
0,
-0.038212572495805066741,
-0.0058903129501262984411,
0.020942021192802294654
};

static double NF_D_Q_P6_2D_W8[49] = {
-0.05079507819067839206,
-0.041868436486255376159,
0.044508658479588345878,
0.096309712394690844682,
0.044508658479588345878,
-0.041868436486255376159,
-0.05079507819067839206,
-0.085726866497653119586,
-0.070661371002306304163,
0.075117274337999156464,
0.16254192632392053457,
0.075117274337999156464,
-0.070661371002306304163,
-0.085726866497653119586,
-0.064049708615680802906,
-0.052793720428427607228,
0.056122890406646518038,
0.12144107727492378419,
0.056122890406646518038,
-0.052793720428427607228,
-0.064049708615680802906,
0,
0,
0,
0,
0,
0,
0,
0.064049708615680802906,
0.052793720428427607228,
-0.056122890406646518038,
-0.12144107727492378419,
-0.056122890406646518038,
0.052793720428427607228,
0.064049708615680802906,
0.085726866497653119586,
0.070661371002306304163,
-0.075117274337999156464,
-0.16254192632392053457,
-0.075117274337999156464,
0.070661371002306304163,
0.085726866497653119586,
0.05079507819067839206,
0.041868436486255376159,
-0.044508658479588345878,
-0.096309712394690844682,
-0.044508658479588345878,
0.041868436486255376159,
0.05079507819067839206
};

static double NF_D_Q_P6_2D_W9[49] = {
-0.05079507819067839206,
-0.085726866497653119586,
-0.064049708615680802906,
0,
0.064049708615680802906,
0.085726866497653119586,
0.05079507819067839206,
-0.041868436486255376159,
-0.070661371002306304163,
-0.052793720428427607228,
0,
0.052793720428427607228,
0.070661371002306304163,
0.041868436486255376159,
0.044508658479588345878,
0.075117274337999156464,
0.056122890406646518038,
0,
-0.056122890406646518038,
-0.075117274337999156464,
-0.044508658479588345878,
0.096309712394690844682,
0.16254192632392053457,
0.12144107727492378419,
0,
-0.12144107727492378419,
-0.16254192632392053457,
-0.096309712394690844682,
0.044508658479588345878,
0.075117274337999156464,
0.056122890406646518038,
0,
-0.056122890406646518038,
-0.075117274337999156464,
-0.044508658479588345878,
-0.041868436486255376159,
-0.070661371002306304163,
-0.052793720428427607228,
0,
0.052793720428427607228,
0.070661371002306304163,
0.041868436486255376159,
-0.05079507819067839206,
-0.085726866497653119586,
-0.064049708615680802906,
0,
0.064049708615680802906,
0.085726866497653119586,
0.05079507819067839206
};

static double NF_D_Q_P6_2D_W10[49] = {
-0.020942021192802294654,
-0.045237655070089184131,
-0.061754605544696904515,
-0.067597886775526576109,
-0.061754605544696904515,
-0.045237655070089184131,
-0.020942021192802294654,
0.0058903129501262984411,
0.012723888637085121732,
0.017369572374174206014,
0.019013098316026254497,
0.017369572374174206014,
0.012723888637085121732,
0.0058903129501262984411,
0.038212572495805066741,
0.082544428639014894206,
0.11268264508000939673,
0.1233447872672782571,
0.11268264508000939673,
0.082544428639014894206,
0.038212572495805066741,
0,
0,
0,
0,
0,
0,
0,
-0.038212572495805066741,
-0.082544428639014894206,
-0.11268264508000939673,
-0.1233447872672782571,
-0.11268264508000939673,
-0.082544428639014894206,
-0.038212572495805066741,
-0.0058903129501262984411,
-0.012723888637085121732,
-0.017369572374174206014,
-0.019013098316026254497,
-0.017369572374174206014,
-0.012723888637085121732,
-0.0058903129501262984411,
0.020942021192802294654,
0.045237655070089184131,
0.061754605544696904515,
0.067597886775526576109,
0.061754605544696904515,
0.045237655070089184131,
0.020942021192802294654
};

static double NF_D_Q_P6_2D_W11[49] = {
0.020638093714822003458,
-0.029678722390787549125,
-0.013791006175035151269,
0.045663269702001393872,
-0.013791006175035151269,
-0.029678722390787549125,
0.020638093714822003458,
0.044581129785895506855,
-0.064110135028266785713,
-0.029790476032472607074,
0.098638962549687771864,
-0.029790476032472607074,
-0.064110135028266785713,
0.044581129785895506855,
0.060858372972679536153,
-0.087517712709773002235,
-0.040667428351972405028,
0.13465353617813174222,
-0.040667428351972405028,
-0.087517712709773002235,
0.060858372972679536153,
0.06661685180018502352,
-0.095798724361155414429,
-0.044515420233698497055,
0.14739458558933777593,
-0.044515420233698497055,
-0.095798724361155414429,
0.06661685180018502352,
0.060858372972679536153,
-0.087517712709773002235,
-0.040667428351972405028,
0.13465353617813174222,
-0.040667428351972405028,
-0.087517712709773002235,
0.060858372972679536153,
0.044581129785895506855,
-0.064110135028266785713,
-0.029790476032472607074,
0.098638962549687771864,
-0.029790476032472607074,
-0.064110135028266785713,
0.044581129785895506855,
0.020638093714822003458,
-0.029678722390787549125,
-0.013791006175035151269,
0.045663269702001393872,
-0.013791006175035151269,
-0.029678722390787549125,
0.020638093714822003458
};

static double NF_D_Q_P6_2D_W12[49] = {
0.059628714043615174777,
-0.016771627881419658676,
-0.10880356472021958186,
0,
0.10880356472021958186,
0.016771627881419658676,
-0.059628714043615174777,
0.10063539599357906906,
-0.0283054806794771801,
-0.1836278040999399699,
0,
0.1836278040999399699,
0.0283054806794771801,
-0.10063539599357906906,
0.075188421706616896914,
-0.021148070188672159633,
-0.13719511545030579513,
0,
0.13719511545030579513,
0.021148070188672159633,
-0.075188421706616896914,
0,
0,
0,
0,
0,
0,
0,
-0.075188421706616896914,
0.021148070188672159633,
0.13719511545030579513,
0,
-0.13719511545030579513,
-0.021148070188672159633,
0.075188421706616896914,
-0.10063539599357906906,
0.0283054806794771801,
0.1836278040999399699,
0,
-0.1836278040999399699,
-0.0283054806794771801,
0.10063539599357906906,
-0.059628714043615174777,
0.016771627881419658676,
0.10880356472021958186,
0,
-0.10880356472021958186,
-0.016771627881419658676,
0.059628714043615174777
};

static double NF_D_Q_P6_2D_W13[49] = {
0.075926060217680108135,
0.0625829419524136946,
-0.066529419863154069988,
-0.1439591646138794655,
-0.066529419863154069988,
0.0625829419524136946,
0.075926060217680108135,
0.0625829419524136946,
0.051584720874364011547,
-0.054837651387237319091,
-0.11866002287908077411,
-0.054837651387237319091,
0.051584720874364011547,
0.0625829419524136946,
-0.066529419863154069988,
-0.054837651387237319091,
0.058295711573049128501,
0.12614271935468452116,
0.058295711573049128501,
-0.054837651387237319091,
-0.066529419863154069988,
-0.1439591646138794655,
-0.11866002287908077411,
0.12614271935468452116,
0.2729529362765514369,
0.12614271935468452116,
-0.11866002287908077411,
-0.1439591646138794655,
-0.066529419863154069988,
-0.054837651387237319091,
0.058295711573049128501,
0.12614271935468452116,
0.058295711573049128501,
-0.054837651387237319091,
-0.066529419863154069988,
0.0625829419524136946,
0.051584720874364011547,
-0.054837651387237319091,
-0.11866002287908077411,
-0.054837651387237319091,
0.051584720874364011547,
0.0625829419524136946,
0.075926060217680108135,
0.0625829419524136946,
-0.066529419863154069988,
-0.1439591646138794655,
-0.066529419863154069988,
0.0625829419524136946,
0.075926060217680108135
};

static double NF_D_Q_P6_2D_W14[49] = {
0.059628714043615174777,
0.10063539599357906906,
0.075188421706616896914,
0,
-0.075188421706616896914,
-0.10063539599357906906,
-0.059628714043615174777,
-0.016771627881419658676,
-0.0283054806794771801,
-0.021148070188672159633,
0,
0.021148070188672159633,
0.0283054806794771801,
0.016771627881419658676,
-0.10880356472021958186,
-0.1836278040999399699,
-0.13719511545030579513,
0,
0.13719511545030579513,
0.1836278040999399699,
0.10880356472021958186,
0,
0,
0,
0,
0,
0,
0,
0.10880356472021958186,
0.1836278040999399699,
0.13719511545030579513,
0,
-0.13719511545030579513,
-0.1836278040999399699,
-0.10880356472021958186,
0.016771627881419658676,
0.0283054806794771801,
0.021148070188672159633,
0,
-0.021148070188672159633,
-0.0283054806794771801,
-0.016771627881419658676,
-0.059628714043615174777,
-0.10063539599357906906,
-0.075188421706616896914,
0,
0.075188421706616896914,
0.10063539599357906906,
0.059628714043615174777
};

static double NF_D_Q_P6_2D_W15[49] = {
0.020638093714822003458,
0.044581129785895506855,
0.060858372972679536153,
0.06661685180018502352,
0.060858372972679536153,
0.044581129785895506855,
0.020638093714822003458,
-0.029678722390787549125,
-0.064110135028266785713,
-0.087517712709773002235,
-0.095798724361155414429,
-0.087517712709773002235,
-0.064110135028266785713,
-0.029678722390787549125,
-0.013791006175035151269,
-0.029790476032472607074,
-0.040667428351972405028,
-0.044515420233698497055,
-0.040667428351972405028,
-0.029790476032472607074,
-0.013791006175035151269,
0.045663269702001393872,
0.098638962549687771864,
0.13465353617813174222,
0.14739458558933777593,
0.13465353617813174222,
0.098638962549687771864,
0.045663269702001393872,
-0.013791006175035151269,
-0.029790476032472607074,
-0.040667428351972405028,
-0.044515420233698497055,
-0.040667428351972405028,
-0.029790476032472607074,
-0.013791006175035151269,
-0.029678722390787549125,
-0.064110135028266785713,
-0.087517712709773002235,
-0.095798724361155414429,
-0.087517712709773002235,
-0.064110135028266785713,
-0.029678722390787549125,
0.020638093714822003458,
0.044581129785895506855,
0.060858372972679536153,
0.06661685180018502352,
0.060858372972679536153,
0.044581129785895506855,
0.020638093714822003458
};

static double NF_D_Q_P6_2D_W16[49] = {
-0.0167659993322338771,
0.04101197119174782164,
-0.035725233990896668922,
0,
0.035725233990896668922,
-0.04101197119174782164,
0.0167659993322338771,
-0.036216871700885304087,
0.088591516044992736015,
-0.077171434299468018773,
0,
0.077171434299468018773,
-0.088591516044992736015,
0.036216871700885304087,
-0.049440198049298639956,
0.12093761534475636295,
-0.10534788943189900027,
0,
0.10534788943189900027,
-0.12093761534475636295,
0.049440198049298639956,
-0.054118277987820355444,
0.13238085089961447198,
-0.11531600985944170097,
0,
0.11531600985944170097,
-0.13238085089961447198,
0.054118277987820355444,
-0.049440198049298639956,
0.12093761534475636295,
-0.10534788943189900027,
0,
0.10534788943189900027,
-0.12093761534475636295,
0.049440198049298639956,
-0.036216871700885304087,
0.088591516044992736015,
-0.077171434299468018773,
0,
0.077171434299468018773,
-0.088591516044992736015,
0.036216871700885304087,
-0.0167659993322338771,
0.04101197119174782164,
-0.035725233990896668922,
0,
0.035725233990896668922,
-0.04101197119174782164,
0.0167659993322338771
};

static double NF_D_Q_P6_2D_W17[49] = {
-0.058763334121226753114,
0.084504930747961961645,
0.039267459239681111628,
-0.13001811173283264032,
0.039267459239681111628,
0.084504930747961961645,
-0.058763334121226753114,
-0.099174894076486718403,
0.14261899330934380974,
0.066271701035789269495,
-0.21943160053729272167,
0.066271701035789269495,
0.14261899330934380974,
-0.099174894076486718403,
-0.074097226775037668301,
0.1065559180887041403,
0.049514035846907082335,
-0.16394545432114710866,
0.049514035846907082335,
0.1065559180887041403,
-0.074097226775037668301,
0,
0,
0,
0,
0,
0,
0,
0.074097226775037668301,
-0.1065559180887041403,
-0.049514035846907082335,
0.16394545432114710866,
-0.049514035846907082335,
-0.1065559180887041403,
0.074097226775037668301,
0.099174894076486718403,
-0.14261899330934380974,
-0.066271701035789269495,
0.21943160053729272167,
-0.066271701035789269495,
-0.14261899330934380974,
0.099174894076486718403,
0.058763334121226753114,
-0.084504930747961961645,
-0.039267459239681111628,
0.13001811173283264032,
-0.039267459239681111628,
-0.084504930747961961645,
0.058763334121226753114
};

static double NF_D_Q_P6_2D_W18[49] = {
-0.089130157772041577138,
0.025069429437493789569,
0.16263437917813188522,
0,
-0.16263437917813188522,
-0.025069429437493789569,
0.089130157772041577138,
-0.073466573585735130376,
0.020663770025320861361,
0.13405328661056733722,
0,
-0.13405328661056733722,
-0.020663770025320861361,
0.073466573585735130376,
0.078099372888368487378,
-0.021966826567781832808,
-0.14250668170460140106,
0,
0.14250668170460140106,
0.021966826567781832808,
-0.078099372888368487378,
0.16899471693881644027,
-0.047532745790065636244,
-0.30836196816819564275,
0,
0.30836196816819564275,
0.047532745790065636244,
-0.16899471693881644027,
0.078099372888368487378,
-0.021966826567781832808,
-0.14250668170460140106,
0,
0.14250668170460140106,
0.021966826567781832808,
-0.078099372888368487378,
-0.073466573585735130376,
0.020663770025320861361,
0.13405328661056733722,
0,
-0.13405328661056733722,
-0.020663770025320861361,
0.073466573585735130376,
-0.089130157772041577138,
0.025069429437493789569,
0.16263437917813188522,
0,
-0.16263437917813188522,
-0.025069429437493789569,
0.089130157772041577138
};

static double NF_D_Q_P6_2D_W19[49] = {
-0.089130157772041577138,
-0.073466573585735130376,
0.078099372888368487378,
0.16899471693881644027,
0.078099372888368487378,
-0.073466573585735130376,
-0.089130157772041577138,
0.025069429437493789569,
0.020663770025320861361,
-0.021966826567781832808,
-0.047532745790065636244,
-0.021966826567781832808,
0.020663770025320861361,
0.025069429437493789569,
0.16263437917813188522,
0.13405328661056733722,
-0.14250668170460140106,
-0.30836196816819564275,
-0.14250668170460140106,
0.13405328661056733722,
0.16263437917813188522,
0,
0,
0,
0,
0,
0,
0,
-0.16263437917813188522,
-0.13405328661056733722,
0.14250668170460140106,
0.30836196816819564275,
0.14250668170460140106,
-0.13405328661056733722,
-0.16263437917813188522,
-0.025069429437493789569,
-0.020663770025320861361,
0.021966826567781832808,
0.047532745790065636244,
0.021966826567781832808,
-0.020663770025320861361,
-0.025069429437493789569,
0.089130157772041577138,
0.073466573585735130376,
-0.078099372888368487378,
-0.16899471693881644027,
-0.078099372888368487378,
0.073466573585735130376,
0.089130157772041577138
};

static double NF_D_Q_P6_2D_W20[49] = {
-0.058763334121226753114,
-0.099174894076486718403,
-0.074097226775037668301,
0,
0.074097226775037668301,
0.099174894076486718403,
0.058763334121226753114,
0.084504930747961961645,
0.14261899330934380974,
0.1065559180887041403,
0,
-0.1065559180887041403,
-0.14261899330934380974,
-0.084504930747961961645,
0.039267459239681111628,
0.066271701035789269495,
0.049514035846907082335,
0,
-0.049514035846907082335,
-0.066271701035789269495,
-0.039267459239681111628,
-0.13001811173283264032,
-0.21943160053729272167,
-0.16394545432114710866,
0,
0.16394545432114710866,
0.21943160053729272167,
0.13001811173283264032,
0.039267459239681111628,
0.066271701035789269495,
0.049514035846907082335,
0,
-0.049514035846907082335,
-0.066271701035789269495,
-0.039267459239681111628,
0.084504930747961961645,
0.14261899330934380974,
0.1065559180887041403,
0,
-0.1065559180887041403,
-0.14261899330934380974,
-0.084504930747961961645,
-0.058763334121226753114,
-0.099174894076486718403,
-0.074097226775037668301,
0,
0.074097226775037668301,
0.099174894076486718403,
0.058763334121226753114
};

static double NF_D_Q_P6_2D_W21[49] = {
-0.0167659993322338771,
-0.036216871700885304087,
-0.049440198049298639956,
-0.054118277987820355444,
-0.049440198049298639956,
-0.036216871700885304087,
-0.0167659993322338771,
0.04101197119174782164,
0.088591516044992736015,
0.12093761534475636295,
0.13238085089961447198,
0.12093761534475636295,
0.088591516044992736015,
0.04101197119174782164,
-0.035725233990896668922,
-0.077171434299468018773,
-0.10534788943189900027,
-0.11531600985944170097,
-0.10534788943189900027,
-0.077171434299468018773,
-0.035725233990896668922,
0,
0,
0,
0,
0,
0,
0,
0.035725233990896668922,
0.077171434299468018773,
0.10534788943189900027,
0.11531600985944170097,
0.10534788943189900027,
0.077171434299468018773,
0.035725233990896668922,
-0.04101197119174782164,
-0.088591516044992736015,
-0.12093761534475636295,
-0.13238085089961447198,
-0.12093761534475636295,
-0.088591516044992736015,
-0.04101197119174782164,
0.0167659993322338771,
0.036216871700885304087,
0.049440198049298639956,
0.054118277987820355444,
0.049440198049298639956,
0.036216871700885304087,
0.0167659993322338771
};

static double NF_D_Q_P6_2D_W22[49] = {
0.0096354591779572123969,
-0.030167532450449092953,
0.048014596704251978719,
-0.054965046863520196327,
0.048014596704251978719,
-0.030167532450449092953,
0.0096354591779572123969,
0.020813921193249767292,
-0.065166032196461738712,
0.1037181532784870193,
-0.11873208455055009576,
0.1037181532784870193,
-0.065166032196461738712,
0.020813921193249767292,
0.028413397890232696937,
-0.088959133866917725398,
0.14158721608389394739,
-0.16208296021441783786,
0.14158721608389394739,
-0.088959133866917725398,
0.028413397890232696937,
0.031101901413681232645,
-0.097376534199257194237,
0.15498433707545517859,
-0.17741940857975843399,
0.15498433707545517859,
-0.097376534199257194237,
0.031101901413681232645,
0.028413397890232696937,
-0.088959133866917725398,
0.14158721608389394739,
-0.16208296021441783786,
0.14158721608389394739,
-0.088959133866917725398,
0.028413397890232696937,
0.020813921193249767292,
-0.065166032196461738712,
0.1037181532784870193,
-0.11873208455055009576,
0.1037181532784870193,
-0.065166032196461738712,
0.020813921193249767292,
0.0096354591779572123969,
-0.030167532450449092953,
0.048014596704251978719,
-0.054965046863520196327,
0.048014596704251978719,
-0.030167532450449092953,
0.0096354591779572123969
};

static double NF_D_Q_P6_2D_W23[49] = {
0.047738227873669735749,
-0.11677435907658338808,
0.10172130675316947882,
0,
-0.10172130675316947882,
0.11677435907658338808,
-0.047738227873669735749,
0.080567819433175909846,
-0.19708011578067371697,
0.1716750755114708804,
0,
-0.1716750755114708804,
0.19708011578067371697,
-0.080567819433175909846,
0.060195193984338307956,
-0.14724583442044222975,
0.12826479040133504698,
0,
-0.12826479040133504698,
0.14724583442044222975,
-0.060195193984338307956,
0,
0,
0,
0,
0,
0,
0,
-0.060195193984338307956,
0.14724583442044222975,
-0.12826479040133504698,
0,
0.12826479040133504698,
-0.14724583442044222975,
0.060195193984338307956,
-0.080567819433175909846,
0.19708011578067371697,
-0.1716750755114708804,
0,
0.1716750755114708804,
-0.19708011578067371697,
0.080567819433175909846,
-0.047738227873669735749,
0.11677435907658338808,
-0.10172130675316947882,
0,
0.10172130675316947882,
-0.11677435907658338808,
0.047738227873669735749
};

static double NF_D_Q_P6_2D_W24[49] = {
0.087836629138188771919,
-0.12631394003520002982,
-0.058695125217357381313,
0.19434487222873727842,
-0.058695125217357381313,
-0.12631394003520002982,
0.087836629138188771919,
0.072400367500840125406,
-0.10411574042350758177,
-0.048380142520712066165,
0.16019103088675904505,
-0.048380142520712066165,
-0.10411574042350758177,
0.072400367500840125406,
-0.076965931888797617925,
0.11068127500726334355,
0.051430992445946326159,
-0.17029267112882410356,
0.051430992445946326159,
0.11068127500726334355,
-0.076965931888797617925,
-0.1665421295004625588,
0.23949681090288853607,
0.11128855058424624264,
-0.36848646397334443982,
0.11128855058424624264,
0.23949681090288853607,
-0.1665421295004625588,
-0.076965931888797617925,
0.11068127500726334355,
0.051430992445946326159,
-0.17029267112882410356,
0.051430992445946326159,
0.11068127500726334355,
-0.076965931888797617925,
0.072400367500840125406,
-0.10411574042350758177,
-0.048380142520712066165,
0.16019103088675904505,
-0.048380142520712066165,
-0.10411574042350758177,
0.072400367500840125406,
0.087836629138188771919,
-0.12631394003520002982,
-0.058695125217357381313,
0.19434487222873727842,
-0.058695125217357381313,
-0.12631394003520002982,
0.087836629138188771919
};

static double NF_D_Q_P6_2D_W25[49] = {
0.10463054452836134669,
-0.029429186693116124424,
-0.19091768799468779924,
0,
0.19091768799468779924,
0.029429186693116124424,
-0.10463054452836134669,
-0.029429186693116124424,
0.0082774779900292189339,
0.053698968196526848703,
0,
-0.053698968196526848703,
-0.0082774779900292189339,
0.029429186693116124424,
-0.19091768799468779924,
0.053698968196526848703,
0.34836446425409620686,
0,
-0.34836446425409620686,
-0.053698968196526848703,
0.19091768799468779924,
0,
0,
0,
0,
0,
0,
0,
0.19091768799468779924,
-0.053698968196526848703,
-0.34836446425409620686,
0,
0.34836446425409620686,
0.053698968196526848703,
-0.19091768799468779924,
0.029429186693116124424,
-0.0082774779900292189339,
-0.053698968196526848703,
0,
0.053698968196526848703,
0.0082774779900292189339,
-0.029429186693116124424,
-0.10463054452836134669,
0.029429186693116124424,
0.19091768799468779924,
0,
-0.19091768799468779924,
-0.029429186693116124424,
0.10463054452836134669
};

static double NF_D_Q_P6_2D_W26[49] = {
0.087836629138188771919,
0.072400367500840125406,
-0.076965931888797617925,
-0.1665421295004625588,
-0.076965931888797617925,
0.072400367500840125406,
0.087836629138188771919,
-0.12631394003520002982,
-0.10411574042350758177,
0.11068127500726334355,
0.23949681090288853607,
0.11068127500726334355,
-0.10411574042350758177,
-0.12631394003520002982,
-0.058695125217357381313,
-0.048380142520712066165,
0.051430992445946326159,
0.11128855058424624264,
0.051430992445946326159,
-0.048380142520712066165,
-0.058695125217357381313,
0.19434487222873727842,
0.16019103088675904505,
-0.17029267112882410356,
-0.36848646397334443982,
-0.17029267112882410356,
0.16019103088675904505,
0.19434487222873727842,
-0.058695125217357381313,
-0.048380142520712066165,
0.051430992445946326159,
0.11128855058424624264,
0.051430992445946326159,
-0.048380142520712066165,
-0.058695125217357381313,
-0.12631394003520002982,
-0.10411574042350758177,
0.11068127500726334355,
0.23949681090288853607,
0.11068127500726334355,
-0.10411574042350758177,
-0.12631394003520002982,
0.087836629138188771919,
0.072400367500840125406,
-0.076965931888797617925,
-0.1665421295004625588,
-0.076965931888797617925,
0.072400367500840125406,
0.087836629138188771919
};

static double NF_D_Q_P6_2D_W27[49] = {
0.047738227873669735749,
0.080567819433175909846,
0.060195193984338307956,
0,
-0.060195193984338307956,
-0.080567819433175909846,
-0.047738227873669735749,
-0.11677435907658338808,
-0.19708011578067371697,
-0.14724583442044222975,
0,
0.14724583442044222975,
0.19708011578067371697,
0.11677435907658338808,
0.10172130675316947882,
0.1716750755114708804,
0.12826479040133504698,
0,
-0.12826479040133504698,
-0.1716750755114708804,
-0.10172130675316947882,
0,
0,
0,
0,
0,
0,
0,
-0.10172130675316947882,
-0.1716750755114708804,
-0.12826479040133504698,
0,
0.12826479040133504698,
0.1716750755114708804,
0.10172130675316947882,
0.11677435907658338808,
0.19708011578067371697,
0.14724583442044222975,
0,
-0.14724583442044222975,
-0.19708011578067371697,
-0.11677435907658338808,
-0.047738227873669735749,
-0.080567819433175909846,
-0.060195193984338307956,
0,
0.060195193984338307956,
0.080567819433175909846,
0.047738227873669735749
};

static double NF_D_Q_P6_2D_W28[49] = {
0.0096354591779572123969,
0.020813921193249767292,
0.028413397890232696937,
0.031101901413681232645,
0.028413397890232696937,
0.020813921193249767292,
0.0096354591779572123969,
-0.030167532450449092953,
-0.065166032196461738712,
-0.088959133866917725398,
-0.097376534199257194237,
-0.088959133866917725398,
-0.065166032196461738712,
-0.030167532450449092953,
0.048014596704251978719,
0.1037181532784870193,
0.14158721608389394739,
0.15498433707545517859,
0.14158721608389394739,
0.1037181532784870193,
0.048014596704251978719,
-0.054965046863520196327,
-0.11873208455055009576,
-0.16208296021441783786,
-0.17741940857975843399,
-0.16208296021441783786,
-0.11873208455055009576,
-0.054965046863520196327,
0.048014596704251978719,
0.1037181532784870193,
0.14158721608389394739,
0.15498433707545517859,
0.14158721608389394739,
0.1037181532784870193,
0.048014596704251978719,
-0.030167532450449092953,
-0.065166032196461738712,
-0.088959133866917725398,
-0.097376534199257194237,
-0.088959133866917725398,
-0.065166032196461738712,
-0.030167532450449092953,
0.0096354591779572123969,
0.020813921193249767292,
0.028413397890232696937,
0.031101901413681232645,
0.028413397890232696937,
0.020813921193249767292,
0.0096354591779572123969
};

static double *NF_D_Q_P6_2D_T = NULL;

void NF_D_Q_P6_2D_EvalAll(TCollection *Coll, TBaseCell *Cell, double *PointValues,
                          double *Functionals)
{
  Functionals[0] = Ddot(49, PointValues, NF_D_Q_P6_2D_W1);
  Functionals[1] = Ddot(49, PointValues, NF_D_Q_P6_2D_W2);
  Functionals[2] = Ddot(49, PointValues, NF_D_Q_P6_2D_W3);
  Functionals[3] = Ddot(49, PointValues, NF_D_Q_P6_2D_W4);
  Functionals[4] = Ddot(49, PointValues, NF_D_Q_P6_2D_W5);
  Functionals[5] = Ddot(49, PointValues, NF_D_Q_P6_2D_W6);
  Functionals[6] = Ddot(49, PointValues, NF_D_Q_P6_2D_W7);
  Functionals[7] = Ddot(49, PointValues, NF_D_Q_P6_2D_W8);
  Functionals[8] = Ddot(49, PointValues, NF_D_Q_P6_2D_W9);
  Functionals[9] = Ddot(49, PointValues, NF_D_Q_P6_2D_W10);
  Functionals[10] = Ddot(49, PointValues, NF_D_Q_P6_2D_W11);
  Functionals[11] = Ddot(49, PointValues, NF_D_Q_P6_2D_W12);
  Functionals[12] = Ddot(49, PointValues, NF_D_Q_P6_2D_W13);
  Functionals[13] = Ddot(49, PointValues, NF_D_Q_P6_2D_W14);
  Functionals[14] = Ddot(49, PointValues, NF_D_Q_P6_2D_W15);
  Functionals[15] = Ddot(49, PointValues, NF_D_Q_P6_2D_W16);
  Functionals[16] = Ddot(49, PointValues, NF_D_Q_P6_2D_W17);
  Functionals[17] = Ddot(49, PointValues, NF_D_Q_P6_2D_W18);
  Functionals[18] = Ddot(49, PointValues, NF_D_Q_P6_2D_W19);
  Functionals[19] = Ddot(49, PointValues, NF_D_Q_P6_2D_W20);
  Functionals[20] = Ddot(49, PointValues, NF_D_Q_P6_2D_W21);
  Functionals[21] = Ddot(49, PointValues, NF_D_Q_P6_2D_W22);
  Functionals[22] = Ddot(49, PointValues, NF_D_Q_P6_2D_W23);
  Functionals[23] = Ddot(49, PointValues, NF_D_Q_P6_2D_W24);
  Functionals[24] = Ddot(49, PointValues, NF_D_Q_P6_2D_W25);
  Functionals[25] = Ddot(49, PointValues, NF_D_Q_P6_2D_W26);
  Functionals[26] = Ddot(49, PointValues, NF_D_Q_P6_2D_W27);
  Functionals[27] = Ddot(49, PointValues, NF_D_Q_P6_2D_W28);
}

void NF_D_Q_P6_2D_EvalEdge(TCollection *Coll, TBaseCell *Cell, int Joint, double *PointValues,
                           double *Functionals)
{
}

/*
    TNodalFunctional2D(NodalFunctional2D id,
                       int n_allfunctionals, int n_edgefunctionals,
                       int n_pointsall, int n_pointsedge,
                       double *xi, double *eta, double *t,
                       DoubleFunctVect *evalall,
                       DoubleFunctVect *evaledge);
*/

TNodalFunctional2D *NF_D_Q_P6_2D_Obj = new TNodalFunctional2D
        (NF_D_Q_P6_2D, 28, 0, 49, 0, NF_D_Q_P6_2D_Xi, NF_D_Q_P6_2D_Eta,
         NF_D_Q_P6_2D_T, NF_D_Q_P6_2D_EvalAll, NULL);
