/** ==========================================================================
#    This file is part of the finite element software ParMooN.
# 
#    ParMooN (cmg.cds.iisc.ac.in/parmoon) is a free finite element software  
#    developed by the research groups of Prof. Sashikumaar Ganesan (IISc, Bangalore),
#    Prof. Volker John (WIAS Berlin) and Prof. Gunar Matthies (TU-Dresden):
#
#    ParMooN is free software: you can redistribute it and/or modify
#    it under the terms of the GNU Affero General Public License as
#    published by the Free Software Foundation, either version 3 of the
#    License, or (at your option) any later version.
#
#    ParMooN is distributed in the hope that it will be useful,
#    but WITHOUT ANY WARRANTY; without even the implied warranty of
#    MERCHANTABILITY or FITNESS FOR A PARTICULAR PURPOSE.  See the
#    GNU Affero General Public License for more details.
#
#    You should have received a copy of the GNU Affero General Public License
#    along with ParMooN.  If not, see <http://www.gnu.org/licenses/>.
#
#    If your company is selling a software using ParMooN, please consider 
#    the option to obtain a commercial license for a fee. Please send 
#    corresponding requests to sashi@iisc.ac.in

# =========================================================================*/ 
   
static double NF_D_Q_P7_2D_Xi[64]={
-0.96028985649753623168,
-0.79666647741362673959,
-0.52553240991632898582,
-0.18343464249564980494,
0.18343464249564980494,
0.52553240991632898582,
0.79666647741362673959,
0.96028985649753623168,
-0.96028985649753623168,
-0.79666647741362673959,
-0.52553240991632898582,
-0.18343464249564980494,
0.18343464249564980494,
0.52553240991632898582,
0.79666647741362673959,
0.96028985649753623168,
-0.96028985649753623168,
-0.79666647741362673959,
-0.52553240991632898582,
-0.18343464249564980494,
0.18343464249564980494,
0.52553240991632898582,
0.79666647741362673959,
0.96028985649753623168,
-0.96028985649753623168,
-0.79666647741362673959,
-0.52553240991632898582,
-0.18343464249564980494,
0.18343464249564980494,
0.52553240991632898582,
0.79666647741362673959,
0.96028985649753623168,
-0.96028985649753623168,
-0.79666647741362673959,
-0.52553240991632898582,
-0.18343464249564980494,
0.18343464249564980494,
0.52553240991632898582,
0.79666647741362673959,
0.96028985649753623168,
-0.96028985649753623168,
-0.79666647741362673959,
-0.52553240991632898582,
-0.18343464249564980494,
0.18343464249564980494,
0.52553240991632898582,
0.79666647741362673959,
0.96028985649753623168,
-0.96028985649753623168,
-0.79666647741362673959,
-0.52553240991632898582,
-0.18343464249564980494,
0.18343464249564980494,
0.52553240991632898582,
0.79666647741362673959,
0.96028985649753623168,
-0.96028985649753623168,
-0.79666647741362673959,
-0.52553240991632898582,
-0.18343464249564980494,
0.18343464249564980494,
0.52553240991632898582,
0.79666647741362673959,
0.96028985649753623168
};
 
static double NF_D_Q_P7_2D_Eta[64]={
-0.96028985649753623168,
-0.96028985649753623168,
-0.96028985649753623168,
-0.96028985649753623168,
-0.96028985649753623168,
-0.96028985649753623168,
-0.96028985649753623168,
-0.96028985649753623168,
-0.79666647741362673959,
-0.79666647741362673959,
-0.79666647741362673959,
-0.79666647741362673959,
-0.79666647741362673959,
-0.79666647741362673959,
-0.79666647741362673959,
-0.79666647741362673959,
-0.52553240991632898582,
-0.52553240991632898582,
-0.52553240991632898582,
-0.52553240991632898582,
-0.52553240991632898582,
-0.52553240991632898582,
-0.52553240991632898582,
-0.52553240991632898582,
-0.18343464249564980494,
-0.18343464249564980494,
-0.18343464249564980494,
-0.18343464249564980494,
-0.18343464249564980494,
-0.18343464249564980494,
-0.18343464249564980494,
-0.18343464249564980494,
0.18343464249564980494,
0.18343464249564980494,
0.18343464249564980494,
0.18343464249564980494,
0.18343464249564980494,
0.18343464249564980494,
0.18343464249564980494,
0.18343464249564980494,
0.52553240991632898582,
0.52553240991632898582,
0.52553240991632898582,
0.52553240991632898582,
0.52553240991632898582,
0.52553240991632898582,
0.52553240991632898582,
0.52553240991632898582,
0.79666647741362673959,
0.79666647741362673959,
0.79666647741362673959,
0.79666647741362673959,
0.79666647741362673959,
0.79666647741362673959,
0.79666647741362673959,
0.79666647741362673959,
0.96028985649753623168,
0.96028985649753623168,
0.96028985649753623168,
0.96028985649753623168,
0.96028985649753623168,
0.96028985649753623168,
0.96028985649753623168,
0.96028985649753623168
};

static double NF_D_Q_P7_2D_W1[64] = {
0.0025618041398730058227,
0.005627826654113707701,
0.0079390161466954817929,
0.0091784871319118694716,
0.0091784871319118694716,
0.0079390161466954817929,
0.005627826654113707701,
0.0025618041398730058227,
0.005627826654113707701,
0.012363331121138230826,
0.017440602106305749294,
0.020163498731785929816,
0.020163498731785929816,
0.017440602106305749294,
0.012363331121138230826,
0.005627826654113707701,
0.0079390161466954817929,
0.017440602106305749294,
0.024602964916988544242,
0.028444078299482046506,
0.028444078299482046506,
0.024602964916988544242,
0.017440602106305749294,
0.0079390161466954817929,
0.0091784871319118694716,
0.020163498731785929816,
0.028444078299482046506,
0.032884881681410649948,
0.032884881681410649948,
0.028444078299482046506,
0.020163498731785929816,
0.0091784871319118694716,
0.0091784871319118694716,
0.020163498731785929816,
0.028444078299482046506,
0.032884881681410649948,
0.032884881681410649948,
0.028444078299482046506,
0.020163498731785929816,
0.0091784871319118694716,
0.0079390161466954817929,
0.017440602106305749294,
0.024602964916988544242,
0.028444078299482046506,
0.028444078299482046506,
0.024602964916988544242,
0.017440602106305749294,
0.0079390161466954817929,
0.005627826654113707701,
0.012363331121138230826,
0.017440602106305749294,
0.020163498731785929816,
0.020163498731785929816,
0.017440602106305749294,
0.012363331121138230826,
0.005627826654113707701,
0.0025618041398730058227,
0.005627826654113707701,
0.0079390161466954817929,
0.0091784871319118694716,
0.0091784871319118694716,
0.0079390161466954817929,
0.005627826654113707701,
0.0025618041398730058227
};

static double NF_D_Q_P7_2D_W2[64] = {
-0.0073802235895603289934,
-0.013450502508081853984,
-0.01251663086381257365,
-0.0050509575170795277259,
0.0050509575170795277259,
0.01251663086381257365,
0.013450502508081853984,
0.0073802235895603289934,
-0.016213034550215585526,
-0.029548354360126376772,
-0.027496804965955991271,
-0.011096052543979920809,
0.011096052543979920809,
0.027496804965955991271,
0.029548354360126376772,
0.016213034550215585526,
-0.022871270028725481791,
-0.041683029132009840481,
-0.038788966331735653714,
-0.015652888001951279541,
0.015652888001951279541,
0.038788966331735653714,
0.041683029132009840481,
0.022871270028725481791,
-0.026442024272304396119,
-0.048190750520958080591,
-0.044844855049726670319,
-0.018096679544223917457,
0.018096679544223917457,
0.044844855049726670319,
0.048190750520958080591,
0.026442024272304396119,
-0.026442024272304396119,
-0.048190750520958080591,
-0.044844855049726670319,
-0.018096679544223917457,
0.018096679544223917457,
0.044844855049726670319,
0.048190750520958080591,
0.026442024272304396119,
-0.022871270028725481791,
-0.041683029132009840481,
-0.038788966331735653714,
-0.015652888001951279541,
0.015652888001951279541,
0.038788966331735653714,
0.041683029132009840481,
0.022871270028725481791,
-0.016213034550215585526,
-0.029548354360126376772,
-0.027496804965955991271,
-0.011096052543979920809,
0.011096052543979920809,
0.027496804965955991271,
0.029548354360126376772,
0.016213034550215585526,
-0.0073802235895603289934,
-0.013450502508081853984,
-0.01251663086381257365,
-0.0050509575170795277259,
0.0050509575170795277259,
0.01251663086381257365,
0.013450502508081853984,
0.0073802235895603289934
};

static double NF_D_Q_P7_2D_W3[64] = {
-0.0073802235895603289934,
-0.016213034550215585526,
-0.022871270028725481791,
-0.026442024272304396119,
-0.026442024272304396119,
-0.022871270028725481791,
-0.016213034550215585526,
-0.0073802235895603289934,
-0.013450502508081853984,
-0.029548354360126376772,
-0.041683029132009840481,
-0.048190750520958080591,
-0.048190750520958080591,
-0.041683029132009840481,
-0.029548354360126376772,
-0.013450502508081853984,
-0.01251663086381257365,
-0.027496804965955991271,
-0.038788966331735653714,
-0.044844855049726670319,
-0.044844855049726670319,
-0.038788966331735653714,
-0.027496804965955991271,
-0.01251663086381257365,
-0.0050509575170795277259,
-0.011096052543979920809,
-0.015652888001951279541,
-0.018096679544223917457,
-0.018096679544223917457,
-0.015652888001951279541,
-0.011096052543979920809,
-0.0050509575170795277259,
0.0050509575170795277259,
0.011096052543979920809,
0.015652888001951279541,
0.018096679544223917457,
0.018096679544223917457,
0.015652888001951279541,
0.011096052543979920809,
0.0050509575170795277259,
0.01251663086381257365,
0.027496804965955991271,
0.038788966331735653714,
0.044844855049726670319,
0.044844855049726670319,
0.038788966331735653714,
0.027496804965955991271,
0.01251663086381257365,
0.013450502508081853984,
0.029548354360126376772,
0.041683029132009840481,
0.048190750520958080591,
0.048190750520958080591,
0.041683029132009840481,
0.029548354360126376772,
0.013450502508081853984,
0.0073802235895603289934,
0.016213034550215585526,
0.022871270028725481791,
0.026442024272304396119,
0.026442024272304396119,
0.022871270028725481791,
0.016213034550215585526,
0.0073802235895603289934
};

static double NF_D_Q_P7_2D_W4[64] = {
0.011313374279664035609,
0.012719344496107536097,
-0.0034028024120073934316,
-0.020629916363764178274,
-0.020629916363764178274,
-0.0034028024120073934316,
0.012719344496107536097,
0.011313374279664035609,
0.024853464918756034517,
0.027942130650783071266,
-0.0074753498188690370135,
-0.045320245750670068769,
-0.045320245750670068769,
-0.0074753498188690370135,
0.027942130650783071266,
0.024853464918756034517,
0.035060081167764281209,
0.03941717470055528422,
-0.010545264906270397037,
-0.063931990962049168392,
-0.063931990962049168392,
-0.010545264906270397037,
0.03941717470055528422,
0.035060081167764281209,
0.040533801405109222451,
0.045571141824161604824,
-0.012191633882126835286,
-0.073913309347143991989,
-0.073913309347143991989,
-0.012191633882126835286,
0.045571141824161604824,
0.040533801405109222451,
0.040533801405109222451,
0.045571141824161604824,
-0.012191633882126835286,
-0.073913309347143991989,
-0.073913309347143991989,
-0.012191633882126835286,
0.045571141824161604824,
0.040533801405109222451,
0.035060081167764281209,
0.03941717470055528422,
-0.010545264906270397037,
-0.063931990962049168392,
-0.063931990962049168392,
-0.010545264906270397037,
0.03941717470055528422,
0.035060081167764281209,
0.024853464918756034517,
0.027942130650783071266,
-0.0074753498188690370135,
-0.045320245750670068769,
-0.045320245750670068769,
-0.0074753498188690370135,
0.027942130650783071266,
0.024853464918756034517,
0.011313374279664035609,
0.012719344496107536097,
-0.0034028024120073934316,
-0.020629916363764178274,
-0.020629916363764178274,
-0.0034028024120073934316,
0.012719344496107536097,
0.011313374279664035609
};

static double NF_D_Q_P7_2D_W5[64] = {
0.021261461555215860198,
0.038749143369917024193,
0.036058780968129627945,
0.01455114980775435477,
-0.01455114980775435477,
-0.036058780968129627945,
-0.038749143369917024193,
-0.021261461555215860198,
0.038749143369917024193,
0.070620550144354377997,
0.06571734825707303487,
0.026519559280226985317,
-0.026519559280226985317,
-0.06571734825707303487,
-0.070620550144354377997,
-0.038749143369917024193,
0.036058780968129627945,
0.06571734825707303487,
0.061154576863441156282,
0.024678299861447542877,
-0.024678299861447542877,
-0.061154576863441156282,
-0.06571734825707303487,
-0.036058780968129627945,
0.01455114980775435477,
0.026519559280226985317,
0.024678299861447542877,
0.0099586738276591594583,
-0.0099586738276591594583,
-0.024678299861447542877,
-0.026519559280226985317,
-0.01455114980775435477,
-0.01455114980775435477,
-0.026519559280226985317,
-0.024678299861447542877,
-0.0099586738276591594583,
0.0099586738276591594583,
0.024678299861447542877,
0.026519559280226985317,
0.01455114980775435477,
-0.036058780968129627945,
-0.06571734825707303487,
-0.061154576863441156282,
-0.024678299861447542877,
0.024678299861447542877,
0.061154576863441156282,
0.06571734825707303487,
0.036058780968129627945,
-0.038749143369917024193,
-0.070620550144354377997,
-0.06571734825707303487,
-0.026519559280226985317,
0.026519559280226985317,
0.06571734825707303487,
0.070620550144354377997,
0.038749143369917024193,
-0.021261461555215860198,
-0.038749143369917024193,
-0.036058780968129627945,
-0.01455114980775435477,
0.01455114980775435477,
0.036058780968129627945,
0.038749143369917024193,
0.021261461555215860198
};

static double NF_D_Q_P7_2D_W6[64] = {
0.011313374279664035609,
0.024853464918756034517,
0.035060081167764281209,
0.040533801405109222451,
0.040533801405109222451,
0.035060081167764281209,
0.024853464918756034517,
0.011313374279664035609,
0.012719344496107536097,
0.027942130650783071266,
0.03941717470055528422,
0.045571141824161604824,
0.045571141824161604824,
0.03941717470055528422,
0.027942130650783071266,
0.012719344496107536097,
-0.0034028024120073934316,
-0.0074753498188690370135,
-0.010545264906270397037,
-0.012191633882126835286,
-0.012191633882126835286,
-0.010545264906270397037,
-0.0074753498188690370135,
-0.0034028024120073934316,
-0.020629916363764178274,
-0.045320245750670068769,
-0.063931990962049168392,
-0.073913309347143991989,
-0.073913309347143991989,
-0.063931990962049168392,
-0.045320245750670068769,
-0.020629916363764178274,
-0.020629916363764178274,
-0.045320245750670068769,
-0.063931990962049168392,
-0.073913309347143991989,
-0.073913309347143991989,
-0.063931990962049168392,
-0.045320245750670068769,
-0.020629916363764178274,
-0.0034028024120073934316,
-0.0074753498188690370135,
-0.010545264906270397037,
-0.012191633882126835286,
-0.012191633882126835286,
-0.010545264906270397037,
-0.0074753498188690370135,
-0.0034028024120073934316,
0.012719344496107536097,
0.027942130650783071266,
0.03941717470055528422,
0.045571141824161604824,
0.045571141824161604824,
0.03941717470055528422,
0.027942130650783071266,
0.012719344496107536097,
0.011313374279664035609,
0.024853464918756034517,
0.035060081167764281209,
0.040533801405109222451,
0.040533801405109222451,
0.035060081167764281209,
0.024853464918756034517,
0.011313374279664035609
};

static double NF_D_Q_P7_2D_W7[64] = {
-0.013869262175567418886,
-0.0027208386395629195542,
0.023642974898494913685,
0.01668694147000670919,
-0.01668694147000670919,
-0.023642974898494913685,
0.0027208386395629195542,
0.013869262175567418886,
-0.030468294640361805923,
-0.0059771970772261095297,
0.051939397803802053788,
0.036658233359399019271,
-0.036658233359399019271,
-0.051939397803802053788,
0.0059771970772261095297,
0.030468294640361805923,
-0.042980762908768252361,
-0.0084318631373254725013,
0.073269441856851664666,
0.051712734672960954446,
-0.051712734672960954446,
-0.073269441856851664666,
0.0084318631373254725013,
0.042980762908768252361,
-0.049691091690509975111,
-0.0097482793678656593178,
0.084708560458766530646,
0.059786333845574795414,
-0.059786333845574795414,
-0.084708560458766530646,
0.0097482793678656593178,
0.049691091690509975111,
-0.049691091690509975111,
-0.0097482793678656593178,
0.084708560458766530646,
0.059786333845574795414,
-0.059786333845574795414,
-0.084708560458766530646,
0.0097482793678656593178,
0.049691091690509975111,
-0.042980762908768252361,
-0.0084318631373254725013,
0.073269441856851664666,
0.051712734672960954446,
-0.051712734672960954446,
-0.073269441856851664666,
0.0084318631373254725013,
0.042980762908768252361,
-0.030468294640361805923,
-0.0059771970772261095297,
0.051939397803802053788,
0.036658233359399019271,
-0.036658233359399019271,
-0.051939397803802053788,
0.0059771970772261095297,
0.030468294640361805923,
-0.013869262175567418886,
-0.0027208386395629195542,
0.023642974898494913685,
0.01668694147000670919,
-0.01668694147000670919,
-0.023642974898494913685,
0.0027208386395629195542,
0.013869262175567418886
};

static double NF_D_Q_P7_2D_W8[64] = {
-0.032592355690564482269,
-0.036642772502729499387,
0.0098030299197481499957,
0.05943209827354583166,
0.05943209827354583166,
0.0098030299197481499957,
-0.036642772502729499387,
-0.032592355690564482269,
-0.059399767045045556708,
-0.066781676390972037226,
0.017866081822898965244,
0.10831536161311862869,
0.10831536161311862869,
0.017866081822898965244,
-0.066781676390972037226,
-0.059399767045045556708,
-0.055275626843871793401,
-0.062145008437427315613,
0.016625635438195118571,
0.10079499984310399044,
0.10079499984310399044,
0.016625635438195118571,
-0.062145008437427315613,
-0.055275626843871793401,
-0.022305910109207633853,
-0.025077978325900915461,
0.0067091040078173615546,
0.04067478442729118776,
0.04067478442729118776,
0.0067091040078173615546,
-0.025077978325900915461,
-0.022305910109207633853,
0.022305910109207633853,
0.025077978325900915461,
-0.0067091040078173615546,
-0.04067478442729118776,
-0.04067478442729118776,
-0.0067091040078173615546,
0.025077978325900915461,
0.022305910109207633853,
0.055275626843871793401,
0.062145008437427315613,
-0.016625635438195118571,
-0.10079499984310399044,
-0.10079499984310399044,
-0.016625635438195118571,
0.062145008437427315613,
0.055275626843871793401,
0.059399767045045556708,
0.066781676390972037226,
-0.017866081822898965244,
-0.10831536161311862869,
-0.10831536161311862869,
-0.017866081822898965244,
0.066781676390972037226,
0.059399767045045556708,
0.032592355690564482269,
0.036642772502729499387,
-0.0098030299197481499957,
-0.05943209827354583166,
-0.05943209827354583166,
-0.0098030299197481499957,
0.036642772502729499387,
0.032592355690564482269
};

static double NF_D_Q_P7_2D_W9[64] = {
-0.032592355690564482269,
-0.059399767045045556708,
-0.055275626843871793401,
-0.022305910109207633853,
0.022305910109207633853,
0.055275626843871793401,
0.059399767045045556708,
0.032592355690564482269,
-0.036642772502729499387,
-0.066781676390972037226,
-0.062145008437427315613,
-0.025077978325900915461,
0.025077978325900915461,
0.062145008437427315613,
0.066781676390972037226,
0.036642772502729499387,
0.0098030299197481499957,
0.017866081822898965244,
0.016625635438195118571,
0.0067091040078173615546,
-0.0067091040078173615546,
-0.016625635438195118571,
-0.017866081822898965244,
-0.0098030299197481499957,
0.05943209827354583166,
0.10831536161311862869,
0.10079499984310399044,
0.04067478442729118776,
-0.04067478442729118776,
-0.10079499984310399044,
-0.10831536161311862869,
-0.05943209827354583166,
0.05943209827354583166,
0.10831536161311862869,
0.10079499984310399044,
0.04067478442729118776,
-0.04067478442729118776,
-0.10079499984310399044,
-0.10831536161311862869,
-0.05943209827354583166,
0.0098030299197481499957,
0.017866081822898965244,
0.016625635438195118571,
0.0067091040078173615546,
-0.0067091040078173615546,
-0.016625635438195118571,
-0.017866081822898965244,
-0.0098030299197481499957,
-0.036642772502729499387,
-0.066781676390972037226,
-0.062145008437427315613,
-0.025077978325900915461,
0.025077978325900915461,
0.062145008437427315613,
0.066781676390972037226,
0.036642772502729499387,
-0.032592355690564482269,
-0.059399767045045556708,
-0.055275626843871793401,
-0.022305910109207633853,
0.022305910109207633853,
0.055275626843871793401,
0.059399767045045556708,
0.032592355690564482269
};

static double NF_D_Q_P7_2D_W10[64] = {
-0.013869262175567418886,
-0.030468294640361805923,
-0.042980762908768252361,
-0.049691091690509975111,
-0.049691091690509975111,
-0.042980762908768252361,
-0.030468294640361805923,
-0.013869262175567418886,
-0.0027208386395629195542,
-0.0059771970772261095297,
-0.0084318631373254725013,
-0.0097482793678656593178,
-0.0097482793678656593178,
-0.0084318631373254725013,
-0.0059771970772261095297,
-0.0027208386395629195542,
0.023642974898494913685,
0.051939397803802053788,
0.073269441856851664666,
0.084708560458766530646,
0.084708560458766530646,
0.073269441856851664666,
0.051939397803802053788,
0.023642974898494913685,
0.01668694147000670919,
0.036658233359399019271,
0.051712734672960954446,
0.059786333845574795414,
0.059786333845574795414,
0.051712734672960954446,
0.036658233359399019271,
0.01668694147000670919,
-0.01668694147000670919,
-0.036658233359399019271,
-0.051712734672960954446,
-0.059786333845574795414,
-0.059786333845574795414,
-0.051712734672960954446,
-0.036658233359399019271,
-0.01668694147000670919,
-0.023642974898494913685,
-0.051939397803802053788,
-0.073269441856851664666,
-0.084708560458766530646,
-0.084708560458766530646,
-0.073269441856851664666,
-0.051939397803802053788,
-0.023642974898494913685,
0.0027208386395629195542,
0.0059771970772261095297,
0.0084318631373254725013,
0.0097482793678656593178,
0.0097482793678656593178,
0.0084318631373254725013,
0.0059771970772261095297,
0.0027208386395629195542,
0.013869262175567418886,
0.030468294640361805923,
0.042980762908768252361,
0.049691091690509975111,
0.049691091690509975111,
0.042980762908768252361,
0.030468294640361805923,
0.013869262175567418886
};

static double NF_D_Q_P7_2D_W11[64] = {
0.014693596237133825568,
-0.012294012966914353729,
-0.023362803289783956633,
0.020963220019564484794,
0.020963220019564484794,
-0.023362803289783956633,
-0.012294012966914353729,
0.014693596237133825568,
0.032279209507494157925,
-0.027007753162835458371,
-0.051323910763755501432,
0.046052454419096801878,
0.046052454419096801878,
-0.051323910763755501432,
-0.027007753162835458371,
0.032279209507494157925,
0.045535369376603529641,
-0.038099074762544118961,
-0.072401191669110068131,
0.064964897055050657451,
0.064964897055050657451,
-0.072401191669110068131,
-0.038099074762544118961,
0.045535369376603529641,
0.052644533547645462608,
-0.044047254846724857146,
-0.083704755575615688321,
0.075107476874695082859,
0.075107476874695082859,
-0.083704755575615688321,
-0.044047254846724857146,
0.052644533547645462608,
0.052644533547645462608,
-0.044047254846724857146,
-0.083704755575615688321,
0.075107476874695082859,
0.075107476874695082859,
-0.083704755575615688321,
-0.044047254846724857146,
0.052644533547645462608,
0.045535369376603529641,
-0.038099074762544118961,
-0.072401191669110068131,
0.064964897055050657451,
0.064964897055050657451,
-0.072401191669110068131,
-0.038099074762544118961,
0.045535369376603529641,
0.032279209507494157925,
-0.027007753162835458371,
-0.051323910763755501432,
0.046052454419096801878,
0.046052454419096801878,
-0.051323910763755501432,
-0.027007753162835458371,
0.032279209507494157925,
0.014693596237133825568,
-0.012294012966914353729,
-0.023362803289783956633,
0.020963220019564484794,
0.020963220019564484794,
-0.023362803289783956633,
-0.012294012966914353729,
0.014693596237133825568
};

static double NF_D_Q_P7_2D_W12[64] = {
0.039955535352907031519,
0.0078383812402164831761,
-0.068112326917351595748,
-0.048072901888846587194,
0.048072901888846587194,
0.068112326917351595748,
-0.0078383812402164831761,
-0.039955535352907031519,
0.072819206891812569909,
0.014285497620962250451,
-0.1241351312620201295,
-0.08761315691591735119,
0.08761315691591735119,
0.1241351312620201295,
-0.014285497620962250451,
-0.072819206891812569909,
0.067763351734462037316,
0.013293652063929941934,
-0.11551639905676680551,
-0.08153015422813462581,
0.08153015422813462581,
0.11551639905676680551,
-0.013293652063929941934,
-0.067763351734462037316,
0.027345202918401755957,
0.0053645164223764688647,
-0.046615453512224927336,
-0.032900654325265741769,
0.032900654325265741769,
0.046615453512224927336,
-0.0053645164223764688647,
-0.027345202918401755957,
-0.027345202918401755957,
-0.0053645164223764688647,
0.046615453512224927336,
0.032900654325265741769,
-0.032900654325265741769,
-0.046615453512224927336,
0.0053645164223764688647,
0.027345202918401755957,
-0.067763351734462037316,
-0.013293652063929941934,
0.11551639905676680551,
0.08153015422813462581,
-0.08153015422813462581,
-0.11551639905676680551,
0.013293652063929941934,
0.067763351734462037316,
-0.072819206891812569909,
-0.014285497620962250451,
0.1241351312620201295,
0.08761315691591735119,
-0.08761315691591735119,
-0.1241351312620201295,
0.014285497620962250451,
0.072819206891812569909,
-0.039955535352907031519,
-0.0078383812402164831761,
0.068112326917351595748,
0.048072901888846587194,
-0.048072901888846587194,
-0.068112326917351595748,
0.0078383812402164831761,
0.039955535352907031519
};

static double NF_D_Q_P7_2D_W13[64] = {
0.049961835723361973651,
0.056170845630526103565,
-0.015027369457171529124,
-0.091105311896716548092,
-0.091105311896716548092,
-0.015027369457171529124,
0.056170845630526103565,
0.049961835723361973651,
0.056170845630526103565,
0.063151480588473458265,
-0.016894896630408771821,
-0.10242742958859079001,
-0.10242742958859079001,
-0.016894896630408771821,
0.063151480588473458265,
0.056170845630526103565,
-0.015027369457171529124,
-0.016894896630408771821,
0.0045198866201134852567,
0.027402379467466815688,
0.027402379467466815688,
0.0045198866201134852567,
-0.016894896630408771821,
-0.015027369457171529124,
-0.091105311896716548092,
-0.10242742958859079001,
0.027402379467466815688,
0.16613036201784052241,
0.16613036201784052241,
0.027402379467466815688,
-0.10242742958859079001,
-0.091105311896716548092,
-0.091105311896716548092,
-0.10242742958859079001,
0.027402379467466815688,
0.16613036201784052241,
0.16613036201784052241,
0.027402379467466815688,
-0.10242742958859079001,
-0.091105311896716548092,
-0.015027369457171529124,
-0.016894896630408771821,
0.0045198866201134852567,
0.027402379467466815688,
0.027402379467466815688,
0.0045198866201134852567,
-0.016894896630408771821,
-0.015027369457171529124,
0.056170845630526103565,
0.063151480588473458265,
-0.016894896630408771821,
-0.10242742958859079001,
-0.10242742958859079001,
-0.016894896630408771821,
0.063151480588473458265,
0.056170845630526103565,
0.049961835723361973651,
0.056170845630526103565,
-0.015027369457171529124,
-0.091105311896716548092,
-0.091105311896716548092,
-0.015027369457171529124,
0.056170845630526103565,
0.049961835723361973651
};

static double NF_D_Q_P7_2D_W14[64] = {
0.039955535352907031519,
0.072819206891812569909,
0.067763351734462037316,
0.027345202918401755957,
-0.027345202918401755957,
-0.067763351734462037316,
-0.072819206891812569909,
-0.039955535352907031519,
0.0078383812402164831761,
0.014285497620962250451,
0.013293652063929941934,
0.0053645164223764688647,
-0.0053645164223764688647,
-0.013293652063929941934,
-0.014285497620962250451,
-0.0078383812402164831761,
-0.068112326917351595748,
-0.1241351312620201295,
-0.11551639905676680551,
-0.046615453512224927336,
0.046615453512224927336,
0.11551639905676680551,
0.1241351312620201295,
0.068112326917351595748,
-0.048072901888846587194,
-0.08761315691591735119,
-0.08153015422813462581,
-0.032900654325265741769,
0.032900654325265741769,
0.08153015422813462581,
0.08761315691591735119,
0.048072901888846587194,
0.048072901888846587194,
0.08761315691591735119,
0.08153015422813462581,
0.032900654325265741769,
-0.032900654325265741769,
-0.08153015422813462581,
-0.08761315691591735119,
-0.048072901888846587194,
0.068112326917351595748,
0.1241351312620201295,
0.11551639905676680551,
0.046615453512224927336,
-0.046615453512224927336,
-0.11551639905676680551,
-0.1241351312620201295,
-0.068112326917351595748,
-0.0078383812402164831761,
-0.014285497620962250451,
-0.013293652063929941934,
-0.0053645164223764688647,
0.0053645164223764688647,
0.013293652063929941934,
0.014285497620962250451,
0.0078383812402164831761,
-0.039955535352907031519,
-0.072819206891812569909,
-0.067763351734462037316,
-0.027345202918401755957,
0.027345202918401755957,
0.067763351734462037316,
0.072819206891812569909,
0.039955535352907031519
};

static double NF_D_Q_P7_2D_W15[64] = {
0.014693596237133825568,
0.032279209507494157925,
0.045535369376603529641,
0.052644533547645462608,
0.052644533547645462608,
0.045535369376603529641,
0.032279209507494157925,
0.014693596237133825568,
-0.012294012966914353729,
-0.027007753162835458371,
-0.038099074762544118961,
-0.044047254846724857146,
-0.044047254846724857146,
-0.038099074762544118961,
-0.027007753162835458371,
-0.012294012966914353729,
-0.023362803289783956633,
-0.051323910763755501432,
-0.072401191669110068131,
-0.083704755575615688321,
-0.083704755575615688321,
-0.072401191669110068131,
-0.051323910763755501432,
-0.023362803289783956633,
0.020963220019564484794,
0.046052454419096801878,
0.064964897055050657451,
0.075107476874695082859,
0.075107476874695082859,
0.064964897055050657451,
0.046052454419096801878,
0.020963220019564484794,
0.020963220019564484794,
0.046052454419096801878,
0.064964897055050657451,
0.075107476874695082859,
0.075107476874695082859,
0.064964897055050657451,
0.046052454419096801878,
0.020963220019564484794,
-0.023362803289783956633,
-0.051323910763755501432,
-0.072401191669110068131,
-0.083704755575615688321,
-0.083704755575615688321,
-0.072401191669110068131,
-0.051323910763755501432,
-0.023362803289783956633,
-0.012294012966914353729,
-0.027007753162835458371,
-0.038099074762544118961,
-0.044047254846724857146,
-0.044047254846724857146,
-0.038099074762544118961,
-0.027007753162835458371,
-0.012294012966914353729,
0.014693596237133825568,
0.032279209507494157925,
0.045535369376603529641,
0.052644533547645462608,
0.052644533547645462608,
0.045535369376603529641,
0.032279209507494157925,
0.014693596237133825568
};

static double NF_D_Q_P7_2D_W16[64] = {
-0.013606601250521771616,
0.024967784469148851294,
-0.0027111943216318849734,
-0.029437706970242075373,
0.029437706970242075373,
0.0027111943216318849734,
-0.024967784469148851294,
0.013606601250521771616,
-0.029891275448317196877,
0.054849768076574260104,
-0.0059560102313356528976,
-0.064669390350555787073,
0.064669390350555787073,
0.0059560102313356528976,
-0.054849768076574260104,
0.029891275448317196877,
-0.042166778227977340427,
0.077375019019842627663,
-0.0084019754520857477109,
-0.091227282882768430875,
0.091227282882768430875,
0.0084019754520857477109,
-0.077375019019842627663,
0.042166778227977340427,
-0.048750024462510627905,
0.089455116765402696836,
-0.0097137254975489160775,
-0.10547005152109455077,
0.10547005152109455077,
0.0097137254975489160775,
-0.089455116765402696836,
0.048750024462510627905,
-0.048750024462510627905,
0.089455116765402696836,
-0.0097137254975489160775,
-0.10547005152109455077,
0.10547005152109455077,
0.0097137254975489160775,
-0.089455116765402696836,
0.048750024462510627905,
-0.042166778227977340427,
0.077375019019842627663,
-0.0084019754520857477109,
-0.091227282882768430875,
0.091227282882768430875,
0.0084019754520857477109,
-0.077375019019842627663,
0.042166778227977340427,
-0.029891275448317196877,
0.054849768076574260104,
-0.0059560102313356528976,
-0.064669390350555787073,
0.064669390350555787073,
0.0059560102313356528976,
-0.054849768076574260104,
0.029891275448317196877,
-0.013606601250521771616,
0.024967784469148851294,
-0.0027111943216318849734,
-0.029437706970242075373,
0.029437706970242075373,
0.0027111943216318849734,
-0.024967784469148851294,
0.013606601250521771616
};

static double NF_D_Q_P7_2D_W17[64] = {
-0.042330334265969939126,
0.03541744784333110317,
0.067305189055580409289,
-0.060392302632941573334,
-0.060392302632941573334,
0.067305189055580409289,
0.03541744784333110317,
-0.042330334265969939126,
-0.077147292396095460232,
0.064548514725278582507,
0.12266411758575724946,
-0.11006533991494037174,
-0.11006533991494037174,
0.12266411758575724946,
0.064548514725278582507,
-0.077147292396095460232,
-0.071790937214749980029,
0.060066895726626601032,
0.11414751821604436658,
-0.10242347672792098758,
-0.10242347672792098758,
0.11414751821604436658,
0.060066895726626601032,
-0.071790937214749980029,
-0.028970493571987764481,
0.024239377337171256948,
0.046063055742596440471,
-0.041331939507779932937,
-0.041331939507779932937,
0.046063055742596440471,
0.024239377337171256948,
-0.028970493571987764481,
0.028970493571987764481,
-0.024239377337171256948,
-0.046063055742596440471,
0.041331939507779932937,
0.041331939507779932937,
-0.046063055742596440471,
-0.024239377337171256948,
0.028970493571987764481,
0.071790937214749980029,
-0.060066895726626601032,
-0.11414751821604436658,
0.10242347672792098758,
0.10242347672792098758,
-0.11414751821604436658,
-0.060066895726626601032,
0.071790937214749980029,
0.077147292396095460232,
-0.064548514725278582507,
-0.12266411758575724946,
0.11006533991494037174,
0.11006533991494037174,
-0.12266411758575724946,
-0.064548514725278582507,
0.077147292396095460232,
0.042330334265969939126,
-0.03541744784333110317,
-0.067305189055580409289,
0.060392302632941573334,
0.060392302632941573334,
-0.067305189055580409289,
-0.03541744784333110317,
0.042330334265969939126
};

static double NF_D_Q_P7_2D_W18[64] = {
-0.061249082836894775217,
-0.012015698391943867872,
0.10441150435670481141,
0.073692446465634796211,
-0.073692446465634796211,
-0.10441150435670481141,
0.012015698391943867872,
0.061249082836894775217,
-0.068860816005481513543,
-0.013508949976416579229,
0.11738724985497424074,
0.082850579339730466413,
-0.082850579339730466413,
-0.11738724985497424074,
0.013508949976416579229,
0.068860816005481513543,
0.018422313419371415503,
0.0036140453289479734905,
-0.031404575689231632059,
-0.022164990601498463577,
0.022164990601498463577,
0.031404575689231632059,
-0.0036140453289479734905,
-0.018422313419371415503,
0.11168758542300487326,
0.02191060303941247361,
-0.19039417852244742009,
-0.13437803520386679905,
0.13437803520386679905,
0.19039417852244742009,
-0.02191060303941247361,
-0.11168758542300487326,
0.11168758542300487326,
0.02191060303941247361,
-0.19039417852244742009,
-0.13437803520386679905,
0.13437803520386679905,
0.19039417852244742009,
-0.02191060303941247361,
-0.11168758542300487326,
0.018422313419371415503,
0.0036140453289479734905,
-0.031404575689231632059,
-0.022164990601498463577,
0.022164990601498463577,
0.031404575689231632059,
-0.0036140453289479734905,
-0.018422313419371415503,
-0.068860816005481513543,
-0.013508949976416579229,
0.11738724985497424074,
0.082850579339730466413,
-0.082850579339730466413,
-0.11738724985497424074,
0.013508949976416579229,
0.068860816005481513543,
-0.061249082836894775217,
-0.012015698391943867872,
0.10441150435670481141,
0.073692446465634796211,
-0.073692446465634796211,
-0.10441150435670481141,
0.012015698391943867872,
0.061249082836894775217
};

static double NF_D_Q_P7_2D_W19[64] = {
-0.061249082836894775217,
-0.068860816005481513543,
0.018422313419371415503,
0.11168758542300487326,
0.11168758542300487326,
0.018422313419371415503,
-0.068860816005481513543,
-0.061249082836894775217,
-0.012015698391943867872,
-0.013508949976416579229,
0.0036140453289479734905,
0.02191060303941247361,
0.02191060303941247361,
0.0036140453289479734905,
-0.013508949976416579229,
-0.012015698391943867872,
0.10441150435670481141,
0.11738724985497424074,
-0.031404575689231632059,
-0.19039417852244742009,
-0.19039417852244742009,
-0.031404575689231632059,
0.11738724985497424074,
0.10441150435670481141,
0.073692446465634796211,
0.082850579339730466413,
-0.022164990601498463577,
-0.13437803520386679905,
-0.13437803520386679905,
-0.022164990601498463577,
0.082850579339730466413,
0.073692446465634796211,
-0.073692446465634796211,
-0.082850579339730466413,
0.022164990601498463577,
0.13437803520386679905,
0.13437803520386679905,
0.022164990601498463577,
-0.082850579339730466413,
-0.073692446465634796211,
-0.10441150435670481141,
-0.11738724985497424074,
0.031404575689231632059,
0.19039417852244742009,
0.19039417852244742009,
0.031404575689231632059,
-0.11738724985497424074,
-0.10441150435670481141,
0.012015698391943867872,
0.013508949976416579229,
-0.0036140453289479734905,
-0.02191060303941247361,
-0.02191060303941247361,
-0.0036140453289479734905,
0.013508949976416579229,
0.012015698391943867872,
0.061249082836894775217,
0.068860816005481513543,
-0.018422313419371415503,
-0.11168758542300487326,
-0.11168758542300487326,
-0.018422313419371415503,
0.068860816005481513543,
0.061249082836894775217
};

static double NF_D_Q_P7_2D_W20[64] = {
-0.042330334265969939126,
-0.077147292396095460232,
-0.071790937214749980029,
-0.028970493571987764481,
0.028970493571987764481,
0.071790937214749980029,
0.077147292396095460232,
0.042330334265969939126,
0.03541744784333110317,
0.064548514725278582507,
0.060066895726626601032,
0.024239377337171256948,
-0.024239377337171256948,
-0.060066895726626601032,
-0.064548514725278582507,
-0.03541744784333110317,
0.067305189055580409289,
0.12266411758575724946,
0.11414751821604436658,
0.046063055742596440471,
-0.046063055742596440471,
-0.11414751821604436658,
-0.12266411758575724946,
-0.067305189055580409289,
-0.060392302632941573334,
-0.11006533991494037174,
-0.10242347672792098758,
-0.041331939507779932937,
0.041331939507779932937,
0.10242347672792098758,
0.11006533991494037174,
0.060392302632941573334,
-0.060392302632941573334,
-0.11006533991494037174,
-0.10242347672792098758,
-0.041331939507779932937,
0.041331939507779932937,
0.10242347672792098758,
0.11006533991494037174,
0.060392302632941573334,
0.067305189055580409289,
0.12266411758575724946,
0.11414751821604436658,
0.046063055742596440471,
-0.046063055742596440471,
-0.11414751821604436658,
-0.12266411758575724946,
-0.067305189055580409289,
0.03541744784333110317,
0.064548514725278582507,
0.060066895726626601032,
0.024239377337171256948,
-0.024239377337171256948,
-0.060066895726626601032,
-0.064548514725278582507,
-0.03541744784333110317,
-0.042330334265969939126,
-0.077147292396095460232,
-0.071790937214749980029,
-0.028970493571987764481,
0.028970493571987764481,
0.071790937214749980029,
0.077147292396095460232,
0.042330334265969939126
};

static double NF_D_Q_P7_2D_W21[64] = {
-0.013606601250521771616,
-0.029891275448317196877,
-0.042166778227977340427,
-0.048750024462510627905,
-0.048750024462510627905,
-0.042166778227977340427,
-0.029891275448317196877,
-0.013606601250521771616,
0.024967784469148851294,
0.054849768076574260104,
0.077375019019842627663,
0.089455116765402696836,
0.089455116765402696836,
0.077375019019842627663,
0.054849768076574260104,
0.024967784469148851294,
-0.0027111943216318849734,
-0.0059560102313356528976,
-0.0084019754520857477109,
-0.0097137254975489160775,
-0.0097137254975489160775,
-0.0084019754520857477109,
-0.0059560102313356528976,
-0.0027111943216318849734,
-0.029437706970242075373,
-0.064669390350555787073,
-0.091227282882768430875,
-0.10547005152109455077,
-0.10547005152109455077,
-0.091227282882768430875,
-0.064669390350555787073,
-0.029437706970242075373,
0.029437706970242075373,
0.064669390350555787073,
0.091227282882768430875,
0.10547005152109455077,
0.10547005152109455077,
0.091227282882768430875,
0.064669390350555787073,
0.029437706970242075373,
0.0027111943216318849734,
0.0059560102313356528976,
0.0084019754520857477109,
0.0097137254975489160775,
0.0097137254975489160775,
0.0084019754520857477109,
0.0059560102313356528976,
0.0027111943216318849734,
-0.024967784469148851294,
-0.054849768076574260104,
-0.077375019019842627663,
-0.089455116765402696836,
-0.089455116765402696836,
-0.077375019019842627663,
-0.054849768076574260104,
-0.024967784469148851294,
0.013606601250521771616,
0.029891275448317196877,
0.042166778227977340427,
0.048750024462510627905,
0.048750024462510627905,
0.042166778227977340427,
0.029891275448317196877,
0.013606601250521771616
};

static double NF_D_Q_P7_2D_W22[64] = {
0.010623539640247833021,
-0.028298811012372693449,
0.031209003900944476279,
-0.013533732528819615851,
-0.013533732528819615851,
0.031209003900944476279,
-0.028298811012372693449,
0.010623539640247833021,
0.02333802128658598269,
-0.062167439116970301836,
0.068560613697337846521,
-0.029731195866953527375,
-0.029731195866953527375,
